64 64
0 0 0.0000 0.0000
1 0 0.0000 0.0000
2 0 0.0000 0.0000
3 0 0.0000 0.0000
4 0 0.0000 0.0000
5 0 0.0000 0.0000
6 0 0.0000 0.0000
7 0 0.0000 0.0000
8 0 0.0000 0.0000
9 0 0.0000 0.0000
10 0 0.0000 0.0000
11 0 0.0000 0.0000
12 0 0.0000 0.0000
13 0 0.0000 0.0000
14 0 0.0000 0.0000
15 0 0.0000 0.0000
16 0 0.0000 0.0000
17 0 0.0000 0.0000
18 0 0.0000 0.0000
19 0 0.0000 0.0000
20 0 0.0000 0.0000
21 0 0.0000 0.0000
22 0 0.0000 0.0000
23 0 0.0000 0.0000
24 0 0.0000 0.0000
25 0 0.0000 0.0000
26 0 0.0000 0.0000
27 0 0.0000 0.0000
28 0 0.0000 0.0000
29 0 0.0004 0.0000
30 0 0.0021 6.2829
31 0 0.0069 6.2811
32 0 0.0157 5.8206
33 0 0.1434 4.8338
34 0 1.5143 4.6643
35 0 8.6671 4.5620
36 0 27.2660 4.4055
37 0 48.8679 4.1537
38 0 52.2290 3.7460
39 0 36.8653 2.9991
40 0 29.0311 1.7803
41 0 35.9706 0.9362
42 0 36.4968 0.6403
43 0 25.3372 0.5749
44 0 11.4123 0.6096
45 0 3.2447 0.7043
46 0 0.5799 0.8531
47 0 0.0657 1.0433
48 0 0.0046 1.2532
49 0 0.0002 1.5702
50 0 0.0000 0.0000
51 0 0.0000 0.0000
52 0 0.0000 0.0000
53 0 0.0000 0.0000
54 0 0.0000 0.0000
55 0 0.0000 0.0000
56 0 0.0000 0.0000
57 0 0.0000 0.0000
58 0 0.0000 0.0000
59 0 0.0000 0.0000
60 0 0.0000 0.0000
61 0 0.0000 0.0000
62 0 0.0000 0.0000
63 0 0.0000 0.0000
0 1 0.0000 0.0000
1 1 0.0000 0.0000
2 1 0.0000 0.0000
3 1 0.0000 0.0000
4 1 0.0000 0.0000
5 1 0.0000 0.0000
6 1 0.0000 0.0000
7 1 0.0000 0.0000
8 1 0.0000 0.0000
9 1 0.0000 0.0000
10 1 0.0000 0.0000
11 1 0.0000 0.0000
12 1 0.0000 0.0000
13 1 0.0000 0.0000
14 1 0.0000 0.0000
15 1 0.0000 0.0000
16 1 0.0000 0.0000
17 1 0.0000 0.0000
18 1 0.0000 0.0000
19 1 0.0000 0.0000
20 1 0.0000 0.0000
21 1 0.0000 0.0000
22 1 0.0000 0.0000
23 1 0.0000 0.0000
24 1 0.0000 0.0000
25 1 0.0000 0.0000
26 1 0.0002 6.2794
27 1 0.0011 6.2695
28 1 0.0038 6.2397
29 1 0.0103 6.1876
30 1 0.0294 6.1777
31 1 0.0754 6.2095
32 1 0.1416 6.2004
33 1 0.2312 5.8548
34 1 0.8771 5.0335
35 1 4.5326 4.6208
36 1 15.0281 4.3086
37 1 31.7881 4.0005
38 1 43.9405 3.7264
39 1 36.4219 3.5134
40 1 10.5848 3.1793
41 1 18.7122 0.6544
42 1 35.0331 0.6681
43 1 33.3779 0.7871
44 1 19.7242 0.9346
45 1 7.3996 1.0953
46 1 1.7476 1.2512
47 1 0.2512 1.3789
48 1 0.0208 1.4706
49 1 0.0009 1.5707
50 1 0.0000 0.0000
51 1 0.0000 0.0000
52 1 0.0000 0.0000
53 1 0.0000 0.0000
54 1 0.0000 0.0000
55 1 0.0000 0.0000
56 1 0.0000 0.0000
57 1 0.0000 0.0000
58 1 0.0000 0.0000
59 1 0.0000 0.0000
60 1 0.0000 0.0000
61 1 0.0000 0.0000
62 1 0.0000 0.0000
63 1 0.0000 0.0000
0 2 0.0000 0.0000
1 2 0.0000 0.0000
2 2 0.0000 0.0000
3 2 0.0000 0.0000
4 2 0.0000 0.0000
5 2 0.0000 0.0000
6 2 0.0000 0.0000
7 2 0.0000 0.0000
8 2 0.0000 0.0000
9 2 0.0000 0.0000
10 2 0.0000 0.0000
11 2 0.0000 0.0000
12 2 0.0000 0.0000
13 2 0.0000 0.0000
14 2 0.0000 0.0000
15 2 0.0000 0.0000
16 2 0.0000 0.0000
17 2 0.0000 0.0000
18 2 0.0000 0.0000
19 2 0.0000 0.0000
20 2 0.0000 0.0000
21 2 0.0000 0.0000
22 2 0.0000 0.0000
23 2 0.0000 6.2407
24 2 0.0002 6.2038
25 2 0.0014 6.1576
26 2 0.0070 6.1361
27 2 0.0272 6.1570
28 2 0.0778 6.1714
29 2 0.1732 6.1410
30 2 0.3827 6.1169
31 2 0.8376 6.1548
32 2 1.4617 6.1916
33 2 2.0480 6.1535
34 2 2.9992 5.9914
35 2 4.9249 5.7558
36 2 6.8000 5.2834
37 2 11.1781 4.4029
38 2 21.0682 4.0144
39 2 26.2125 4.0526
40 2 21.9456 4.3431
41 2 10.4284 5.2302
42 2 20.3118 0.6979
43 2 33.9790 1.0508
44 2 28.4021 1.2190
45 2 13.5600 1.3401
46 2 3.7765 1.4308
47 2 0.6018 1.4921
48 2 0.0531 1.5297
49 2 0.0024 1.5708
50 2 0.0000 0.0000
51 2 0.0000 0.0000
52 2 0.0000 0.0000
53 2 0.0000 0.0000
54 2 0.0000 0.0000
55 2 0.0000 0.0000
56 2 0.0000 0.0000
57 2 0.0000 0.0000
58 2 0.0000 0.0000
59 2 0.0000 0.0000
60 2 0.0000 0.0000
61 2 0.0000 0.0000
62 2 0.0000 0.0000
63 2 0.0000 0.0000
0 3 0.0000 0.0000
1 3 0.0000 0.0000
2 3 0.0000 0.0000
3 3 0.0000 0.0000
4 3 0.0000 0.0000
5 3 0.0000 0.0000
6 3 0.0000 0.0000
7 3 0.0000 0.0000
8 3 0.0000 0.0000
9 3 0.0000 0.0000
10 3 0.0000 0.0000
11 3 0.0000 0.0000
12 3 0.0000 0.0000
13 3 0.0000 0.0000
14 3 0.0000 0.0000
15 3 0.0000 0.0000
16 3 0.0000 0.0000
17 3 0.0000 0.0000
18 3 0.0000 0.0000
19 3 0.0000 0.0000
20 3 0.0000 0.0000
21 3 0.0000 5.5638
22 3 0.0000 5.7951
23 3 0.0005 5.9060
24 3 0.0049 5.9982
25 3 0.0274 6.0371
26 3 0.1084 6.0462
27 3 0.3392 6.0767
28 3 0.8398 6.1143
29 3 1.6216 6.1001
30 3 2.8583 6.0507
31 3 5.0886 6.0708
32 3 7.9516 6.1351
33 3 10.2775 6.1405
34 3 12.7240 6.0399
35 3 17.0554 5.9660
36 3 21.4992 5.9894
37 3 22.4053 5.9640
38 3 20.8596 5.6966
39 3 21.9549 5.2655
40 3 21.9325 4.8983
41 3 12.7465 4.3917
42 3 13.2945 2.2916
43 3 30.3269 1.7954
44 3 29.6143 1.6517
45 3 15.7501 1.5984
46 3 4.7279 1.5795
47 3 0.7902 1.5734
48 3 0.0717 1.5708
49 3 0.0033 1.5708
50 3 0.0000 0.0000
51 3 0.0000 0.0000
52 3 0.0000 0.0000
53 3 0.0000 0.0000
54 3 0.0000 0.0000
55 3 0.0000 0.0000
56 3 0.0000 0.0000
57 3 0.0000 0.0000
58 3 0.0000 0.0000
59 3 0.0000 0.0000
60 3 0.0000 0.0000
61 3 0.0000 0.0000
62 3 0.0000 0.0000
63 3 0.0000 0.0000
0 4 0.0000 0.0000
1 4 0.0000 0.0000
2 4 0.0000 0.0000
3 4 0.0000 0.0000
4 4 0.0000 0.0000
5 4 0.0000 0.0000
6 4 0.0000 0.0000
7 4 0.0000 0.0000
8 4 0.0000 0.0000
9 4 0.0000 0.0000
10 4 0.0000 0.0000
11 4 0.0000 0.0000
12 4 0.0000 0.0000
13 4 0.0000 0.0000
14 4 0.0000 0.0000
15 4 0.0000 0.0000
16 4 0.0000 0.0000
17 4 0.0000 0.0000
18 4 0.0000 0.0000
19 4 0.0000 0.0000
20 4 0.0000 4.8528
21 4 0.0000 5.2049
22 4 0.0007 5.4987
23 4 0.0084 5.6891
24 4 0.0622 5.8441
25 4 0.2981 5.9345
26 4 0.9759 5.9614
27 4 2.4414 5.9796
28 4 5.0019 6.0265
29 4 8.3428 6.0447
30 4 12.1171 5.9938
31 4 17.1171 5.9730
32 4 22.5945 6.0458
33 4 26.3913 6.1054
34 4 28.5040 6.0390
35 4 30.4888 5.9209
36 4 31.1814 5.9252
37 4 29.7010 6.0281
38 4 25.6017 6.0346
39 4 16.3093 5.8017
40 4 5.4504 4.3411
41 4 19.6409 2.9507
42 4 33.0138 2.6356
43 4 33.9246 2.3792
44 4 23.8188 2.1200
45 4 11.2604 1.8983
46 4 3.2995 1.7472
47 4 0.5539 1.6609
48 4 0.0507 1.6140
49 4 0.0024 1.5708
50 4 0.0000 0.0000
51 4 0.0000 0.0000
52 4 0.0000 0.0000
53 4 0.0000 0.0000
54 4 0.0000 0.0000
55 4 0.0000 0.0000
56 4 0.0000 0.0000
57 4 0.0000 0.0000
58 4 0.0000 0.0000
59 4 0.0000 0.0000
60 4 0.0000 0.0000
61 4 0.0000 0.0000
62 4 0.0000 0.0000
63 4 0.0000 0.0000
0 5 0.0000 0.0000
1 5 0.0000 0.0000
2 5 0.0000 0.0000
3 5 0.0000 0.0000
4 5 0.0000 0.0000
5 5 0.0000 0.0000
6 5 0.0000 0.0000
7 5 0.0000 0.0000
8 5 0.0000 0.0000
9 5 0.0000 0.0000
10 5 0.0000 0.0000
11 5 0.0000 0.0000
12 5 0.0000 0.0000
13 5 0.0000 0.0000
14 5 0.0000 0.0000
15 5 0.0000 0.0000
16 5 0.0000 0.0000
17 5 0.0000 0.0000
18 5 0.0000 0.0000
19 5 0.0000 0.0000
20 5 0.0000 4.7184
21 5 0.0005 5.0604
22 5 0.0083 5.2917
23 5 0.0789 5.4916
24 5 0.4804 5.6690
25 5 1.9096 5.8000
26 5 5.1603 5.8638
27 5 10.2941 5.8811
28 5 16.6857 5.9165
29 5 22.9999 5.9679
30 5 27.6561 5.9539
31 5 30.5355 5.8952
32 5 31.4075 5.9264
33 5 30.5273 6.0457
34 5 27.8665 6.0810
35 5 21.3431 5.9524
36 5 12.0447 5.7190
37 5 3.5807 5.4930
38 5 4.0709 2.3869
39 5 13.7288 2.5132
40 5 25.1928 2.6285
41 5 33.1160 2.6685
42 5 33.1064 2.6555
43 5 24.9003 2.5914
44 5 13.4155 2.4484
45 5 5.0532 2.2258
46 5 1.2953 1.9851
47 5 0.2067 1.7992
48 5 0.0186 1.6837
49 5 0.0009 1.5707
50 5 0.0000 0.0000
51 5 0.0000 0.0000
52 5 0.0000 0.0000
53 5 0.0000 0.0000
54 5 0.0000 0.0000
55 5 0.0000 0.0000
56 5 0.0000 0.0000
57 5 0.0000 0.0000
58 5 0.0000 0.0000
59 5 0.0000 0.0000
60 5 0.0000 0.0000
61 5 0.0000 0.0000
62 5 0.0000 0.0000
63 5 0.0000 0.0000
0 6 0.0000 0.0000
1 6 0.0000 0.0000
2 6 0.0000 0.0000
3 6 0.0000 0.0000
4 6 0.0000 0.0000
5 6 0.0000 0.0000
6 6 0.0000 0.0000
7 6 0.0000 0.0000
8 6 0.0000 0.0000
9 6 0.0000 0.0000
10 6 0.0000 0.0000
11 6 0.0000 0.0000
12 6 0.0000 0.0000
13 6 0.0000 0.0000
14 6 0.0000 0.0000
15 6 0.0000 0.0000
16 6 0.0000 0.0000
17 6 0.0000 0.0000
18 6 0.0000 0.0000
19 6 0.0000 0.0000
20 6 0.0002 4.7129
21 6 0.0046 4.9333
22 6 0.0602 5.1055
23 6 0.4717 5.2993
24 6 2.3362 5.4889
25 6 7.5070 5.6473
26 6 16.2312 5.7544
27 6 25.1908 5.7985
28 6 30.6145 5.8147
29 6 31.6155 5.8689
30 6 28.8625 5.9302
31 6 21.8973 5.8813
32 6 12.2317 5.6999
33 6 3.6812 5.5073
34 6 3.6562 2.3708
35 6 12.0633 2.5789
36 6 21.3479 2.8110
37 6 27.8750 2.9390
38 6 30.5630 2.8996
39 6 31.5076 2.7604
40 6 30.2415 2.6789
41 6 25.2499 2.6792
42 6 17.8191 2.6979
43 6 10.3757 2.6991
44 6 4.6451 2.6546
45 6 1.4519 2.5178
46 6 0.3046 2.2824
47 6 0.0424 2.0194
48 6 0.0036 1.8111
49 6 0.0002 1.5702
50 6 0.0000 0.0000
51 6 0.0000 0.0000
52 6 0.0000 0.0000
53 6 0.0000 0.0000
54 6 0.0000 0.0000
55 6 0.0000 0.0000
56 6 0.0000 0.0000
57 6 0.0000 0.0000
58 6 0.0000 0.0000
59 6 0.0000 0.0000
60 6 0.0000 0.0000
61 6 0.0000 0.0000
62 6 0.0000 0.0000
63 6 0.0000 0.0000
0 7 0.0000 0.0000
1 7 0.0000 0.0000
2 7 0.0000 0.0000
3 7 0.0000 0.0000
4 7 0.0000 0.0000
5 7 0.0000 0.0000
6 7 0.0000 0.0000
7 7 0.0000 0.0000
8 7 0.0000 0.0000
9 7 0.0000 0.0000
10 7 0.0000 0.0000
11 7 0.0000 0.0000
12 7 0.0000 0.0000
13 7 0.0000 0.0000
14 7 0.0000 0.0000
15 7 0.0000 0.0000
16 7 0.0000 0.0000
17 7 0.0000 0.0000
18 7 0.0000 0.0000
19 7 0.0000 0.0000
20 7 0.0010 4.7125
21 7 0.0235 4.8376
22 7 0.2727 4.9500
23 7 1.8090 5.1119
24 7 7.2920 5.3037
25 7 18.6382 5.4886
26 7 31.0036 5.6443
27 7 34.7904 5.7562
28 7 27.0809 5.7946
29 7 13.7697 5.7604
30 7 0.9797 6.2317
31 7 10.8241 2.6078
32 7 21.0851 2.8151
33 7 27.7868 2.9392
34 7 30.4997 2.9043
35 7 31.3768 2.7895
36 7 30.5180 2.7806
37 7 28.5068 2.8975
38 7 26.3846 2.9626
39 7 22.5009 2.8956
40 7 16.5580 2.7932
41 7 10.3716 2.7506
42 7 5.5446 2.7636
43 7 2.5107 2.7819
44 7 0.9315 2.7841
45 7 0.2538 2.7314
46 7 0.0452 2.5743
47 7 0.0052 2.3132
48 7 0.0004 2.0295
49 7 0.0000 1.5645
50 7 0.0000 0.0000
51 7 0.0000 0.0000
52 7 0.0000 0.0000
53 7 0.0000 0.0000
54 7 0.0000 0.0000
55 7 0.0000 0.0000
56 7 0.0000 0.0000
57 7 0.0000 0.0000
58 7 0.0000 0.0000
59 7 0.0000 0.0000
60 7 0.0000 0.0000
61 7 0.0000 0.0000
62 7 0.0000 0.0000
63 7 0.0000 0.0000
0 8 0.0000 0.0000
1 8 0.0000 0.0000
2 8 0.0000 0.0000
3 8 0.0000 0.0000
4 8 0.0000 0.0000
5 8 0.0000 0.0000
6 8 0.0000 0.0000
7 8 0.0000 0.0000
8 8 0.0000 0.0000
9 8 0.0000 0.0000
10 8 0.0000 0.0000
11 8 0.0000 0.0000
12 8 0.0000 0.0000
13 8 0.0000 0.0000
14 8 0.0000 0.0000
15 8 0.0000 0.0000
16 8 0.0000 0.0000
17 8 0.0000 0.0000
18 8 0.0000 0.0000
19 8 0.0000 0.0000
20 8 0.0033 4.7124
21 8 0.0692 4.7738
22 8 0.7541 4.8327
23 8 4.4740 4.9347
24 8 15.0545 5.0888
25 8 30.0440 5.2834
26 8 36.1808 5.5113
27 8 25.2200 5.8428
28 8 8.6854 0.5562
29 8 14.5425 2.3415
30 8 24.5491 2.6505
31 8 29.0198 2.6904
32 8 29.1750 2.7437
33 8 27.7437 2.8840
34 8 26.0775 2.9588
35 8 22.5021 2.9034
36 8 17.1787 2.8423
37 8 12.7285 2.9018
38 8 10.2741 2.9989
39 8 7.9239 2.9908
40 8 4.9417 2.9133
41 8 2.4489 2.8463
42 8 1.0178 2.8373
43 8 0.3601 2.8566
44 8 0.1075 2.8723
45 8 0.0253 2.8672
46 8 0.0041 2.7948
47 8 0.0004 2.6090
48 8 0.0000 2.3361
49 8 0.0000 1.4303
50 8 0.0000 0.0000
51 8 0.0000 0.0000
52 8 0.0000 0.0000
53 8 0.0000 0.0000
54 8 0.0000 0.0000
55 8 0.0000 0.0000
56 8 0.0000 0.0000
57 8 0.0000 0.0000
58 8 0.0000 0.0000
59 8 0.0000 0.0000
60 8 0.0000 0.0000
61 8 0.0000 0.0000
62 8 0.0000 0.0000
63 8 0.0000 0.0000
0 9 0.0000 0.0000
1 9 0.0000 0.0000
2 9 0.0000 0.0000
3 9 0.0000 0.0000
4 9 0.0000 0.0000
5 9 0.0000 0.0000
6 9 0.0000 0.0000
7 9 0.0000 0.0000
8 9 0.0000 0.0000
9 9 0.0000 0.0000
10 9 0.0000 0.0000
11 9 0.0000 0.0000
12 9 0.0000 0.0000
13 9 0.0000 0.0000
14 9 0.0000 0.0000
15 9 0.0000 0.0000
16 9 0.0000 0.0000
17 9 0.0000 0.0000
18 9 0.0000 0.0000
19 9 0.0000 0.0000
20 9 0.0057 4.7124
21 9 0.1181 4.7303
22 9 1.2555 4.7467
23 9 7.0652 4.7770
24 9 21.3376 4.8297
25 9 34.5012 4.9162
26 9 26.9448 5.0830
27 9 6.2714 0.1925
28 9 20.4351 1.5721
29 9 23.0058 1.8149
30 9 18.7644 2.1257
31 9 14.9032 2.3428
32 9 11.1248 2.4182
33 9 8.6891 2.6133
34 9 8.1363 2.8626
35 9 7.0565 2.9278
36 9 4.8010 2.8965
37 9 2.9088 2.9184
38 9 2.0226 3.0180
39 9 1.4540 3.0487
40 9 0.8210 3.0073
41 9 0.3388 2.9442
42 9 0.1107 2.9113
43 9 0.0307 2.9231
44 9 0.0072 2.9538
45 9 0.0014 3.0047
46 9 0.0002 3.0622
47 9 0.0000 3.0991
48 9 0.0000 3.1416
49 9 0.0000 0.0000
50 9 0.0000 0.0000
51 9 0.0000 0.0000
52 9 0.0000 0.0000
53 9 0.0000 0.0000
54 9 0.0000 0.0000
55 9 0.0000 0.0000
56 9 0.0000 0.0000
57 9 0.0000 0.0000
58 9 0.0000 0.0000
59 9 0.0000 0.0000
60 9 0.0000 0.0000
61 9 0.0000 0.0000
62 9 0.0000 0.0000
63 9 0.0000 0.0000
0 10 0.0000 0.0000
1 10 0.0000 0.0000
2 10 0.0000 0.0000
3 10 0.0000 0.0000
4 10 0.0000 0.0000
5 10 0.0000 0.0000
6 10 0.0000 0.0000
7 10 0.0000 0.0000
8 10 0.0000 0.0000
9 10 0.0000 0.0000
10 10 0.0000 0.0000
11 10 0.0000 0.0000
12 10 0.0000 0.0000
13 10 0.0000 0.0000
14 10 0.0000 0.0000
15 10 0.0000 0.0000
16 10 0.0000 0.0000
17 10 0.0000 0.0000
18 10 0.0000 0.0000
19 10 0.0000 0.0000
20 10 0.0057 4.7124
21 10 0.1176 4.6944
22 10 1.2444 4.6761
23 10 6.9552 4.6404
24 10 20.8247 4.5695
25 10 33.7428 4.4285
26 10 28.9826 4.1309
27 10 13.4841 3.2053
28 10 16.3673 1.6736
29 10 22.5556 1.1037
30 10 22.9154 0.7887
31 10 21.1283 0.5570
32 10 18.7693 0.4648
33 10 14.2156 0.4842
34 10 8.6149 0.5145
35 10 4.2487 0.5405
36 10 1.8102 0.5782
37 10 0.6555 0.6290
38 10 0.1397 1.0953
39 10 0.0916 2.7417
40 10 0.0682 2.9895
41 10 0.0266 3.0044
42 10 0.0070 2.9916
43 10 0.0014 3.0154
44 10 0.0002 3.0622
45 10 0.0000 3.0991
46 10 0.0000 3.1416
47 10 0.0000 0.0000
48 10 0.0000 0.0000
49 10 0.0000 0.0000
50 10 0.0000 0.0000
51 10 0.0000 0.0000
52 10 0.0000 0.0000
53 10 0.0000 0.0000
54 10 0.0000 0.0000
55 10 0.0000 0.0000
56 10 0.0000 0.0000
57 10 0.0000 0.0000
58 10 0.0000 0.0000
59 10 0.0000 0.0000
60 10 0.0000 0.0000
61 10 0.0000 0.0000
62 10 0.0000 0.0000
63 10 0.0000 0.0000
0 11 0.0000 0.0000
1 11 0.0000 0.0000
2 11 0.0000 0.0000
3 11 0.0000 0.0000
4 11 0.0000 0.0000
5 11 0.0000 0.0000
6 11 0.0000 0.0000
7 11 0.0000 0.0000
8 11 0.0000 0.0000
9 11 0.0000 0.0000
10 11 0.0000 0.0000
11 11 0.0000 0.0000
12 11 0.0000 0.0000
13 11 0.0000 0.0000
14 11 0.0000 0.0000
15 11 0.0000 0.0000
16 11 0.0000 0.0000
17 11 0.0000 0.0000
18 11 0.0000 0.0000
19 11 0.0000 0.0000
20 11 0.0033 4.7124
21 11 0.0675 4.6493
22 11 0.7217 4.5847
23 11 4.1541 4.4660
24 11 13.5538 4.2730
25 11 27.2507 4.0215
26 11 36.2579 3.7682
27 11 31.8587 3.5600
28 11 15.9547 3.3309
29 11 4.8015 1.1505
30 11 18.6364 0.4521
31 11 27.2636 0.3802
32 11 30.6169 0.4342
33 11 29.7210 0.4827
34 11 24.5875 0.4790
35 11 17.1893 0.4584
36 11 10.2960 0.4357
37 11 5.1043 0.4310
38 11 1.8839 0.4904
39 11 0.4717 0.6252
40 11 0.0762 0.8243
41 11 0.0077 1.1069
42 11 0.0005 1.5737
43 11 0.0000 2.3596
44 11 0.0000 3.1416
45 11 0.0000 0.0000
46 11 0.0000 0.0000
47 11 0.0000 0.0000
48 11 0.0000 0.0000
49 11 0.0000 0.0000
50 11 0.0000 0.0000
51 11 0.0000 0.0000
52 11 0.0000 0.0000
53 11 0.0000 0.0000
54 11 0.0000 0.0000
55 11 0.0000 0.0000
56 11 0.0000 0.0000
57 11 0.0000 0.0000
58 11 0.0000 0.0000
59 11 0.0000 0.0000
60 11 0.0000 0.0000
61 11 0.0000 0.0000
62 11 0.0000 0.0000
63 11 0.0000 0.0000
0 12 0.0000 0.0000
1 12 0.0000 0.0000
2 12 0.0000 0.0000
3 12 0.0000 0.0000
4 12 0.0000 0.0000
5 12 0.0000 0.0000
6 12 0.0000 0.0000
7 12 0.0000 0.0000
8 12 0.0000 0.0000
9 12 0.0000 0.0000
10 12 0.0000 0.0000
11 12 0.0000 0.0000
12 12 0.0000 0.0000
13 12 0.0000 0.0000
14 12 0.0000 0.0000
15 12 0.0000 0.0000
16 12 0.0000 0.0000
17 12 0.0000 0.0000
18 12 0.0000 0.0000
19 12 0.0000 0.0000
20 12 0.0010 4.7125
21 12 0.0219 4.5770
22 12 0.2406 4.4448
23 12 1.4957 4.2365
24 12 5.7786 3.9822
25 12 14.8663 3.7656
26 12 25.9194 3.6478
27 12 32.4336 3.6196
28 12 31.7155 3.6348
29 12 24.1436 3.6808
30 12 12.3689 3.7645
31 12 0.1731 2.9835
32 12 12.0559 0.6511
33 12 23.4497 0.5679
34 12 30.2121 0.5311
35 12 30.2245 0.5138
36 12 24.6820 0.5042
37 12 15.8350 0.5411
38 12 7.3529 0.6441
39 12 2.3032 0.7987
40 12 0.4674 0.9855
41 12 0.0599 1.1780
42 12 0.0046 1.3492
43 12 0.0002 1.5702
44 12 0.0000 0.0000
45 12 0.0000 0.0000
46 12 0.0000 0.0000
47 12 0.0000 0.0000
48 12 0.0000 0.0000
49 12 0.0000 0.0000
50 12 0.0000 0.0000
51 12 0.0000 0.0000
52 12 0.0000 0.0000
53 12 0.0000 0.0000
54 12 0.0000 0.0000
55 12 0.0000 0.0000
56 12 0.0000 0.0000
57 12 0.0000 0.0000
58 12 0.0000 0.0000
59 12 0.0000 0.0000
60 12 0.0000 0.0000
61 12 0.0000 0.0000
62 12 0.0000 0.0000
63 12 0.0000 0.0000
0 13 0.0000 0.0000
1 13 0.0000 0.0000
2 13 0.0000 0.0000
3 13 0.0000 0.0000
4 13 0.0000 0.0000
5 13 0.0000 0.0000
6 13 0.0000 0.0000
7 13 0.0000 0.0000
8 13 0.0000 0.0000
9 13 0.0000 0.0000
10 13 0.0000 0.0000
11 13 0.0000 0.0000
12 13 0.0000 0.0000
13 13 0.0000 0.0000
14 13 0.0000 0.0000
15 13 0.0000 0.0000
16 13 0.0000 0.0000
17 13 0.0000 0.0000
18 13 0.0000 0.0000
19 13 0.0000 0.0000
20 13 0.0002 4.7129
21 13 0.0039 4.4489
22 13 0.0465 4.2298
23 13 0.3356 3.9596
24 13 1.5895 3.7264
25 13 4.9357 3.5994
26 13 10.5695 3.5704
27 13 17.6700 3.5861
28 13 24.9838 3.6101
29 13 30.1205 3.6143
30 13 31.3496 3.5598
31 13 28.6303 3.4906
32 13 20.8268 3.5029
33 13 7.3650 3.5496
34 13 9.2183 0.5321
35 13 24.1947 0.5239
36 13 32.0655 0.5676
37 13 29.0679 0.6668
38 13 17.8201 0.8081
39 13 7.0811 0.9837
40 13 1.7755 1.1719
41 13 0.2696 1.3331
42 13 0.0234 1.4447
43 13 0.0010 1.5707
44 13 0.0000 0.0000
45 13 0.0000 0.0000
46 13 0.0000 0.0000
47 13 0.0000 0.0000
48 13 0.0000 0.0000
49 13 0.0000 0.0000
50 13 0.0000 0.0000
51 13 0.0000 0.0000
52 13 0.0000 0.0000
53 13 0.0000 0.0000
54 13 0.0000 0.0000
55 13 0.0000 0.0000
56 13 0.0000 0.0000
57 13 0.0000 0.0000
58 13 0.0000 0.0000
59 13 0.0000 0.0000
60 13 0.0000 0.0000
61 13 0.0000 0.0000
62 13 0.0000 0.0000
63 13 0.0000 0.0000
0 14 0.0000 0.0000
1 14 0.0000 0.0000
2 14 0.0000 0.0000
3 14 0.0000 0.0000
4 14 0.0000 0.0000
5 14 0.0000 0.0000
6 14 0.0000 0.0000
7 14 0.0000 0.0000
8 14 0.0000 0.0000
9 14 0.0000 0.0000
10 14 0.0000 0.0000
11 14 0.0000 0.0000
12 14 0.0000 0.0000
13 14 0.0000 0.0000
14 14 0.0000 0.0000
15 14 0.0000 0.0000
16 14 0.0000 0.0000
17 14 0.0000 0.0000
18 14 0.0000 0.0000
19 14 0.0000 0.0000
20 14 0.0000 4.7184
21 14 0.0004 4.2339
22 14 0.0055 3.9478
23 14 0.0481 3.6883
24 14 0.2674 3.5352
25 14 0.9595 3.4882
26 14 2.5260 3.4980
27 14 5.5200 3.5214
28 14 10.3298 3.5379
29 14 16.5834 3.5104
30 14 22.8280 3.4617
31 14 27.3329 3.4874
32 14 29.7247 3.5962
33 14 28.2325 3.7068
34 14 19.1370 3.8662
35 14 4.6977 5.0273
36 14 19.3565 0.5431
37 14 31.6604 0.8082
38 14 27.6025 1.0065
39 14 14.2519 1.1932
40 14 4.3271 1.3470
41 14 0.7399 1.4499
42 14 0.0684 1.5087
43 14 0.0033 1.5708
44 14 0.0000 0.0000
45 14 0.0000 0.0000
46 14 0.0000 0.0000
47 14 0.0000 0.0000
48 14 0.0000 0.0000
49 14 0.0000 0.0000
50 14 0.0000 0.0000
51 14 0.0000 0.0000
52 14 0.0000 0.0000
53 14 0.0000 0.0000
54 14 0.0000 0.0000
55 14 0.0000 0.0000
56 14 0.0000 0.0000
57 14 0.0000 0.0000
58 14 0.0000 0.0000
59 14 0.0000 0.0000
60 14 0.0000 0.0000
61 14 0.0000 0.0000
62 14 0.0000 0.0000
63 14 0.0000 0.0000
0 15 0.0000 0.0000
1 15 0.0000 0.0000
2 15 0.0000 0.0000
3 15 0.0000 0.0000
4 15 0.0000 0.0000
5 15 0.0000 0.0000
6 15 0.0000 0.0000
7 15 0.0000 0.0000
8 15 0.0000 0.0000
9 15 0.0000 0.0000
10 15 0.0000 0.0000
11 15 0.0000 0.0000
12 15 0.0000 0.0000
13 15 0.0000 0.0000
14 15 0.0000 0.0000
15 15 0.0000 0.0000
16 15 0.0000 0.0000
17 15 0.0000 0.0000
18 15 0.0000 0.0000
19 15 0.0000 0.0000
20 15 0.0000 5.5638
21 15 0.0000 4.7181
22 15 0.0003 4.0765
23 15 0.0030 3.6867
24 15 0.0199 3.5567
25 15 0.0845 3.5364
26 15 0.2909 3.5341
27 15 0.8645 3.5373
28 15 2.1192 3.5288
29 15 4.2371 3.4853
30 15 6.9092 3.4882
31 15 9.9418 3.6288
32 15 14.3446 3.8323
33 15 19.8344 4.0207
34 15 23.3661 4.2280
35 15 19.5386 4.4804
36 15 5.0385 5.5602
37 15 21.7203 1.1527
38 15 30.3217 1.3463
39 15 19.7446 1.4457
40 15 6.7600 1.5037
41 15 1.2256 1.5357
42 15 0.1166 1.5527
43 15 0.0057 1.5708
44 15 0.0000 0.0000
45 15 0.0000 0.0000
46 15 0.0000 0.0000
47 15 0.0000 0.0000
48 15 0.0000 0.0000
49 15 0.0000 0.0000
50 15 0.0000 0.0000
51 15 0.0000 0.0000
52 15 0.0000 0.0000
53 15 0.0000 0.0000
54 15 0.0000 0.0000
55 15 0.0000 0.0000
56 15 0.0000 0.0000
57 15 0.0000 0.0000
58 15 0.0000 0.0000
59 15 0.0000 0.0000
60 15 0.0000 0.0000
61 15 0.0000 0.0000
62 15 0.0000 0.0000
63 15 0.0000 0.0000
0 16 0.0000 0.0000
1 16 0.0000 0.0000
2 16 0.0000 0.0000
3 16 0.0000 0.0000
4 16 0.0000 0.0000
5 16 0.0000 0.0000
6 16 0.0000 0.0000
7 16 0.0000 0.0000
8 16 0.0000 0.0000
9 16 0.0000 0.0000
10 16 0.0000 0.0000
11 16 0.0000 0.0000
12 16 0.0000 0.0000
13 16 0.0000 0.0000
14 16 0.0000 0.0000
15 16 0.0000 0.0000
16 16 0.0000 0.0000
17 16 0.0000 0.0000
18 16 0.0000 0.0000
19 16 0.0000 5.5638
20 16 0.0000 5.7951
21 16 0.0005 5.9054
22 16 0.0049 5.9971
23 16 0.0273 6.0346
24 16 0.1071 6.0411
25 16 0.3326 6.0679
26 16 0.8115 6.0992
27 16 1.5213 6.0685
28 16 2.5605 5.9857
29 16 4.3921 5.9623
30 16 6.9357 5.9404
31 16 9.9433 5.7964
32 16 14.3445 5.5925
33 16 19.8344 5.4041
34 16 23.3661 5.1968
35 16 19.5386 4.9443
36 16 5.0385 3.8645
37 16 21.7203 1.9889
38 16 30.3217 1.7953
39 16 19.7446 1.6958
40 16 6.7600 1.6379
41 16 1.2256 1.6058
42 16 0.1166 1.5889
43 16 0.0057 1.5708
44 16 0.0000 0.0000
45 16 0.0000 0.0000
46 16 0.0000 0.0000
47 16 0.0000 0.0000
48 16 0.0000 0.0000
49 16 0.0000 0.0000
50 16 0.0000 0.0000
51 16 0.0000 0.0000
52 16 0.0000 0.0000
53 16 0.0000 0.0000
54 16 0.0000 0.0000
55 16 0.0000 0.0000
56 16 0.0000 0.0000
57 16 0.0000 0.0000
58 16 0.0000 0.0000
59 16 0.0000 0.0000
60 16 0.0000 0.0000
61 16 0.0000 0.0000
62 16 0.0000 0.0000
63 16 0.0000 0.0000
0 17 0.0000 0.0000
1 17 0.0000 0.0000
2 17 0.0000 0.0000
3 17 0.0000 0.0000
4 17 0.0000 0.0000
5 17 0.0000 0.0000
6 17 0.0000 0.0000
7 17 0.0000 0.0000
8 17 0.0000 0.0000
9 17 0.0000 0.0000
10 17 0.0000 0.0000
11 17 0.0000 0.0000
12 17 0.0000 0.0000
13 17 0.0000 0.0000
14 17 0.0000 0.0000
15 17 0.0000 0.0000
16 17 0.0000 0.0000
17 17 0.0000 0.0000
18 17 0.0000 4.8528
19 17 0.0000 5.2049
20 17 0.0007 5.4979
21 17 0.0083 5.6880
22 17 0.0620 5.8430
23 17 0.2973 5.9335
24 17 0.9736 5.9606
25 17 2.4381 5.9792
26 17 4.9983 6.0263
27 17 8.3358 6.0442
28 17 12.1009 5.9903
29 17 17.1463 5.9535
30 17 22.9131 5.9719
31 17 27.3355 5.9386
32 17 29.7240 5.8287
33 17 28.2324 5.7180
34 17 19.1370 5.5586
35 17 4.6977 4.3975
36 17 19.3565 2.5985
37 17 31.6604 2.3334
38 17 27.6025 2.1351
39 17 14.2519 1.9484
40 17 4.3271 1.7946
41 17 0.7399 1.6917
42 17 0.0684 1.6329
43 17 0.0033 1.5708
44 17 0.0000 0.0000
45 17 0.0000 0.0000
46 17 0.0000 0.0000
47 17 0.0000 0.0000
48 17 0.0000 0.0000
49 17 0.0000 0.0000
50 17 0.0000 0.0000
51 17 0.0000 0.0000
52 17 0.0000 0.0000
53 17 0.0000 0.0000
54 17 0.0000 0.0000
55 17 0.0000 0.0000
56 17 0.0000 0.0000
57 17 0.0000 0.0000
58 17 0.0000 0.0000
59 17 0.0000 0.0000
60 17 0.0000 0.0000
61 17 0.0000 0.0000
62 17 0.0000 0.0000
63 17 0.0000 0.0000
0 18 0.0000 0.0000
1 18 0.0000 0.0000
2 18 0.0000 0.0000
3 18 0.0000 0.0000
4 18 0.0000 0.0000
5 18 0.0000 0.0000
6 18 0.0000 0.0000
7 18 0.0000 0.0000
8 18 0.0000 0.0000
9 18 0.0000 0.0000
10 18 0.0000 0.0000
11 18 0.0000 0.0000
12 18 0.0000 0.0000
13 18 0.0000 0.0000
14 18 0.0000 0.0000
15 18 0.0000 0.0000
16 18 0.0000 0.0000
17 18 0.0000 0.0000
18 18 0.0000 4.7184
19 18 0.0005 5.0609
20 18 0.0083 5.2912
21 18 0.0786 5.4903
22 18 0.4774 5.6667
23 18 1.8937 5.7970
24 18 5.1172 5.8605
25 18 10.2333 5.8785
26 18 16.6392 5.9153
27 18 22.9795 5.9675
28 18 27.6530 5.9531
29 18 30.5574 5.8886
30 18 31.2834 5.8906
31 18 28.5977 5.9392
32 18 20.8197 5.9225
33 18 7.3637 5.8752
34 18 9.2184 2.6095
35 18 24.1947 2.6177
36 18 32.0655 2.5740
37 18 29.0679 2.4748
38 18 17.8201 2.3335
39 18 7.0811 2.1579
40 18 1.7755 1.9697
41 18 0.2696 1.8085
42 18 0.0234 1.6969
43 18 0.0010 1.5707
44 18 0.0000 0.0000
45 18 0.0000 0.0000
46 18 0.0000 0.0000
47 18 0.0000 0.0000
48 18 0.0000 0.0000
49 18 0.0000 0.0000
50 18 0.0000 0.0000
51 18 0.0000 0.0000
52 18 0.0000 0.0000
53 18 0.0000 0.0000
54 18 0.0000 0.0000
55 18 0.0000 0.0000
56 18 0.0000 0.0000
57 18 0.0000 0.0000
58 18 0.0000 0.0000
59 18 0.0000 0.0000
60 18 0.0000 0.0000
61 18 0.0000 0.0000
62 18 0.0000 0.0000
63 18 0.0000 0.0000
0 19 0.0000 0.0000
1 19 0.0000 0.0000
2 19 0.0000 0.0000
3 19 0.0000 0.0000
4 19 0.0000 0.0000
5 19 0.0000 0.0000
6 19 0.0000 0.0000
7 19 0.0000 0.0000
8 19 0.0000 0.0000
9 19 0.0000 0.0000
10 19 0.0000 0.0000
11 19 0.0000 0.0000
12 19 0.0000 0.0000
13 19 0.0000 0.0000
14 19 0.0000 0.0000
15 19 0.0000 0.0000
16 19 0.0000 0.0000
17 19 0.0000 0.0000
18 19 0.0002 4.7129
19 19 0.0046 4.9340
20 19 0.0599 5.1052
21 19 0.4674 5.2977
22 19 2.3029 5.4845
23 19 7.3494 5.6390
24 19 15.8129 5.7428
25 19 24.5957 5.7860
26 19 30.1460 5.8052
27 19 31.3807 5.8641
28 19 28.7661 5.9288
29 19 21.7519 5.8879
30 19 11.2633 5.7507
31 19 0.3054 1.5620
32 19 12.1306 2.4929
33 19 23.4742 2.5745
34 19 30.2225 2.6108
35 19 30.2306 2.6279
36 19 24.6850 2.6375
37 19 15.8359 2.6006
38 19 7.3531 2.4975
39 19 2.3033 2.3429
40 19 0.4674 2.1561
41 19 0.0599 1.9636
42 19 0.0046 1.7924
43 19 0.0002 1.5702
44 19 0.0000 0.0000
45 19 0.0000 0.0000
46 19 0.0000 0.0000
47 19 0.0000 0.0000
48 19 0.0000 0.0000
49 19 0.0000 0.0000
50 19 0.0000 0.0000
51 19 0.0000 0.0000
52 19 0.0000 0.0000
53 19 0.0000 0.0000
54 19 0.0000 0.0000
55 19 0.0000 0.0000
56 19 0.0000 0.0000
57 19 0.0000 0.0000
58 19 0.0000 0.0000
59 19 0.0000 0.0000
60 19 0.0000 0.0000
61 19 0.0000 0.0000
62 19 0.0000 0.0000
63 19 0.0000 0.0000
0 20 0.0000 0.0000
1 20 0.0000 0.0000
2 20 0.0000 0.0000
3 20 0.0000 0.0000
4 20 0.0000 0.0000
5 20 0.0000 0.0000
6 20 0.0000 0.0000
7 20 0.0000 0.0000
8 20 0.0000 0.0000
9 20 0.0000 0.0000
10 20 0.0000 0.0000
11 20 0.0000 0.0000
12 20 0.0000 0.0000
13 20 0.0000 0.0000
14 20 0.0000 0.0000
15 20 0.0000 0.0000
16 20 0.0000 0.0000
17 20 0.0000 0.0000
18 20 0.0010 4.7125
19 20 0.0234 4.8385
20 20 0.2696 4.9501
21 20 1.7752 5.1113
22 20 7.0769 5.2994
23 20 17.7877 5.4745
24 20 28.9262 5.6137
25 20 31.7994 5.7052
26 20 24.5528 5.7212
27 20 12.3905 5.6537
28 20 0.2772 4.9383
29 20 11.2602 2.6083
30 20 21.7512 2.7462
31 20 28.7602 2.7871
32 20 31.3416 2.7225
33 20 30.0427 2.6668
34 20 24.7700 2.6674
35 20 17.3123 2.6872
36 20 10.3620 2.7096
37 20 5.1304 2.7136
38 20 1.8946 2.6547
39 20 0.4774 2.5251
40 20 0.0786 2.3487
41 20 0.0083 2.1496
42 20 0.0005 1.9193
43 20 0.0000 1.5648
44 20 0.0000 0.0000
45 20 0.0000 0.0000
46 20 0.0000 0.0000
47 20 0.0000 0.0000
48 20 0.0000 0.0000
49 20 0.0000 0.0000
50 20 0.0000 0.0000
51 20 0.0000 0.0000
52 20 0.0000 0.0000
53 20 0.0000 0.0000
54 20 0.0000 0.0000
55 20 0.0000 0.0000
56 20 0.0000 0.0000
57 20 0.0000 0.0000
58 20 0.0000 0.0000
59 20 0.0000 0.0000
60 20 0.0000 0.0000
61 20 0.0000 0.0000
62 20 0.0000 0.0000
63 20 0.0000 0.0000
0 21 0.0000 0.0000
1 21 0.0000 0.0000
2 21 0.0000 0.0000
3 21 0.0000 0.0000
4 21 0.0000 0.0000
5 21 0.0000 0.0000
6 21 0.0000 0.0000
7 21 0.0000 0.0000
8 21 0.0000 0.0000
9 21 0.0000 0.0000
10 21 0.0000 0.0000
11 21 0.0000 0.0000
12 21 0.0000 0.0000
13 21 0.0000 0.0000
14 21 0.0000 0.0000
15 21 0.0000 0.0000
16 21 0.0000 0.0000
17 21 0.0000 0.0000
18 21 0.0033 4.7124
19 21 0.0684 4.7745
20 21 0.7398 4.8333
21 21 4.3240 4.9362
22 21 14.2184 5.0899
23 21 27.3923 5.2754
24 21 30.8473 5.4662
25 21 17.3944 5.6862
26 21 3.6004 2.1731
27 21 19.5472 2.7046
28 21 28.3568 2.7811
29 21 31.2654 2.7464
30 21 30.5595 2.7468
31 21 27.6536 2.8115
32 21 22.9781 2.8260
33 21 16.6472 2.7749
34 21 10.3378 2.7458
35 21 5.4970 2.7602
36 21 2.5102 2.7840
37 21 0.9795 2.8052
38 21 0.2975 2.7895
39 21 0.0620 2.7014
40 21 0.0083 2.5464
41 21 0.0007 2.3563
42 21 0.0000 2.0633
43 21 0.0000 1.4303
44 21 0.0000 0.0000
45 21 0.0000 0.0000
46 21 0.0000 0.0000
47 21 0.0000 0.0000
48 21 0.0000 0.0000
49 21 0.0000 0.0000
50 21 0.0000 0.0000
51 21 0.0000 0.0000
52 21 0.0000 0.0000
53 21 0.0000 0.0000
54 21 0.0000 0.0000
55 21 0.0000 0.0000
56 21 0.0000 0.0000
57 21 0.0000 0.0000
58 21 0.0000 0.0000
59 21 0.0000 0.0000
60 21 0.0000 0.0000
61 21 0.0000 0.0000
62 21 0.0000 0.0000
63 21 0.0000 0.0000
0 22 0.0000 0.0000
1 22 0.0000 0.0000
2 22 0.0000 0.0000
3 22 0.0000 0.0000
4 22 0.0000 0.0000
5 22 0.0000 0.0000
6 22 0.0000 0.0000
7 22 0.0000 0.0000
8 22 0.0000 0.0000
9 22 0.0000 0.0000
10 22 0.0000 0.0000
11 22 0.0000 0.0000
12 22 0.0000 0.0000
13 22 0.0000 0.0000
14 22 0.0000 0.0000
15 22 0.0000 0.0000
16 22 0.0000 0.0000
17 22 0.0000 0.0000
18 22 0.0057 4.7125
19 22 0.1166 4.7307
20 22 1.2250 4.7476
21 22 6.7463 4.7797
22 22 19.6001 4.8375
23 22 29.5220 4.9349
24 22 19.2625 5.1067
25 22 5.9286 1.6816
26 22 23.2002 2.1697
27 22 27.8570 2.4680
28 22 26.8339 2.7184
29 22 22.9509 2.8124
30 22 17.2131 2.8102
31 22 12.1260 2.8493
32 22 8.3424 2.9029
33 22 5.0017 2.8851
34 22 2.4522 2.8405
35 22 1.0157 2.8358
36 22 0.3601 2.8566
37 22 0.1098 2.8785
38 22 0.0275 2.8899
39 22 0.0049 2.8567
40 22 0.0005 2.7644
41 22 0.0000 2.6535
42 22 0.0000 2.4222
43 22 0.0000 0.0000
44 22 0.0000 0.0000
45 22 0.0000 0.0000
46 22 0.0000 0.0000
47 22 0.0000 0.0000
48 22 0.0000 0.0000
49 22 0.0000 0.0000
50 22 0.0000 0.0000
51 22 0.0000 0.0000
52 22 0.0000 0.0000
53 22 0.0000 0.0000
54 22 0.0000 0.0000
55 22 0.0000 0.0000
56 22 0.0000 0.0000
57 22 0.0000 0.0000
58 22 0.0000 0.0000
59 22 0.0000 0.0000
60 22 0.0000 0.0000
61 22 0.0000 0.0000
62 22 0.0000 0.0000
63 22 0.0000 0.0000
0 23 0.0000 0.0000
1 23 0.0000 0.0000
2 23 0.0000 0.0000
3 23 0.0000 0.0000
4 23 0.0000 0.0000
5 23 0.0000 0.0000
6 23 0.0000 0.0000
7 23 0.0000 0.0000
8 23 0.0000 0.0000
9 23 0.0000 0.0000
10 23 0.0000 0.0000
11 23 0.0000 0.0000
12 23 0.0000 0.0000
13 23 0.0000 0.0000
14 23 0.0000 0.0000
15 23 0.0000 0.0000
16 23 0.0002 0.0000
17 23 0.0011 6.2825
18 23 0.0067 5.2622
19 23 0.1169 4.7476
20 23 1.2252 4.6869
21 23 6.7369 4.6499
22 23 19.4672 4.5917
23 23 28.7268 4.4899
24 23 17.1153 4.2362
25 23 11.1785 1.8995
26 23 24.1375 1.6038
27 23 20.1338 1.7708
28 23 12.4084 2.2344
29 23 8.2766 2.6772
30 23 5.1536 2.8456
31 23 2.8655 2.8956
32 23 1.6220 2.9574
33 23 0.8399 2.9728
34 23 0.3401 2.9356
35 23 0.1107 2.9099
36 23 0.0307 2.9231
37 23 0.0072 2.9538
38 23 0.0014 3.0047
39 23 0.0002 3.0622
40 23 0.0000 3.0991
41 23 0.0000 3.1416
42 23 0.0000 0.0000
43 23 0.0000 0.0000
44 23 0.0000 0.0000
45 23 0.0000 0.0000
46 23 0.0000 0.0000
47 23 0.0000 0.0000
48 23 0.0000 0.0000
49 23 0.0000 0.0000
50 23 0.0000 0.0000
51 23 0.0000 0.0000
52 23 0.0000 0.0000
53 23 0.0000 0.0000
54 23 0.0000 0.0000
55 23 0.0000 0.0000
56 23 0.0000 0.0000
57 23 0.0000 0.0000
58 23 0.0000 0.0000
59 23 0.0000 0.0000
60 23 0.0000 0.0000
61 23 0.0000 0.0000
62 23 0.0000 0.0000
63 23 0.0000 0.0000
0 24 0.0000 0.0000
1 24 0.0000 0.0000
2 24 0.0000 0.0000
3 24 0.0000 0.0000
4 24 0.0000 0.0000
5 24 0.0000 0.0000
6 24 0.0000 0.0000
7 24 0.0000 0.0000
8 24 0.0000 0.0000
9 24 0.0000 0.0000
10 24 0.0000 0.0000
11 24 0.0000 0.0000
12 24 0.0002 0.0000
13 24 0.0011 6.2825
14 24 0.0034 6.2790
15 24 0.0071 6.2606
16 24 0.0126 6.2067
17 24 0.0302 6.1810
18 24 0.0759 6.1667
19 24 0.1569 5.7600
20 24 0.7701 4.8691
21 24 4.3456 4.5902
22 24 14.1192 4.4148
23 24 26.1042 4.2545
24 24 24.2661 4.1519
25 24 1.0660 5.1535
26 24 23.8528 0.9672
27 24 26.5430 1.1244
28 24 14.6208 1.3480
29 24 4.7057 1.6622
30 24 1.1686 2.2526
31 24 0.3976 2.7791
32 24 0.1738 2.9784
33 24 0.0778 3.0298
34 24 0.0272 3.0154
35 24 0.0070 2.9945
36 24 0.0014 3.0160
37 24 0.0002 3.0622
38 24 0.0000 3.0991
39 24 0.0000 3.1416
40 24 0.0000 0.0000
41 24 0.0000 0.0000
42 24 0.0000 0.0000
43 24 0.0000 0.0000
44 24 0.0000 0.0000
45 24 0.0000 0.0000
46 24 0.0000 0.0000
47 24 0.0000 0.0000
48 24 0.0000 0.0000
49 24 0.0000 0.0000
50 24 0.0000 0.0000
51 24 0.0000 0.0000
52 24 0.0000 0.0000
53 24 0.0000 0.0000
54 24 0.0000 0.0000
55 24 0.0000 0.0000
56 24 0.0000 0.0000
57 24 0.0000 0.0000
58 24 0.0000 0.0000
59 24 0.0000 0.0000
60 24 0.0000 0.0000
61 24 0.0000 0.0000
62 24 0.0000 0.0000
63 24 0.0000 0.0000
0 25 0.0000 0.0000
1 25 0.0000 0.0000
2 25 0.0000 0.0000
3 25 0.0000 0.0000
4 25 0.0000 0.0000
5 25 0.0000 0.0000
6 25 0.0000 0.0000
7 25 0.0000 0.0000
8 25 0.0002 0.0000
9 25 0.0011 6.2825
10 25 0.0034 6.2790
11 25 0.0071 6.2606
12 25 0.0126 6.2067
13 25 0.0302 6.1810
14 25 0.0756 6.2096
15 25 0.1413 6.2242
16 25 0.2177 6.1835
17 25 0.3987 6.1299
18 25 0.8408 6.1551
19 25 1.4613 6.1759
20 25 2.0413 6.0184
21 25 3.3776 5.4599
22 25 8.5986 4.8849
23 25 19.4253 4.6277
24 25 27.2331 4.6231
25 25 16.7320 5.0819
26 25 19.8909 0.7307
27 25 32.2591 1.1816
28 25 22.0567 1.3659
29 25 7.6907 1.4765
30 25 1.4100 1.5622
31 25 0.1398 1.7442
32 25 0.0127 2.4963
33 25 0.0038 3.0981
34 25 0.0011 3.1279
35 25 0.0002 3.1378
36 25 0.0000 3.1416
37 25 0.0000 3.1416
38 25 0.0000 0.0000
39 25 0.0000 0.0000
40 25 0.0000 0.0000
41 25 0.0000 0.0000
42 25 0.0000 0.0000
43 25 0.0000 0.0000
44 25 0.0000 0.0000
45 25 0.0000 0.0000
46 25 0.0000 0.0000
47 25 0.0000 0.0000
48 25 0.0000 0.0000
49 25 0.0000 0.0000
50 25 0.0000 0.0000
51 25 0.0000 0.0000
52 25 0.0000 0.0000
53 25 0.0000 0.0000
54 25 0.0000 0.0000
55 25 0.0000 0.0000
56 25 0.0000 0.0000
57 25 0.0000 0.0000
58 25 0.0000 0.0000
59 25 0.0000 0.0000
60 25 0.0000 0.0000
61 25 0.0000 0.0000
62 25 0.0000 0.0000
63 25 0.0000 0.0000
0 26 0.0000 0.0000
1 26 0.0000 0.0000
2 26 0.0000 0.0000
3 26 0.0000 0.0000
4 26 0.0000 0.0000
5 26 0.0000 6.2407
6 26 0.0002 6.2038
7 26 0.0014 6.1576
8 26 0.0070 6.1384
9 26 0.0270 6.1677
10 26 0.0745 6.2085
11 26 0.1412 6.2241
12 26 0.2177 6.1835
13 26 0.3987 6.1299
14 26 0.8407 6.1563
15 26 1.4619 6.1925
16 26 2.0484 6.1648
17 26 3.0063 6.0780
18 26 5.1151 6.0754
19 26 7.9539 6.1348
20 26 10.2697 6.1314
21 26 12.7140 5.9735
22 26 17.6394 5.7120
23 26 25.3310 5.4149
24 26 31.2031 5.1476
25 26 19.6307 5.0724
26 26 13.7770 1.4080
27 26 34.3049 1.5593
28 26 25.5837 1.5694
29 26 9.2112 1.5712
30 26 1.7057 1.5725
31 26 0.1640 1.5764
32 26 0.0081 1.5906
33 26 0.0000 3.1416
34 26 0.0000 3.1416
35 26 0.0000 0.0000
36 26 0.0000 0.0000
37 26 0.0000 0.0000
38 26 0.0000 0.0000
39 26 0.0000 0.0000
40 26 0.0000 0.0000
41 26 0.0000 0.0000
42 26 0.0000 0.0000
43 26 0.0000 0.0000
44 26 0.0000 0.0000
45 26 0.0000 0.0000
46 26 0.0000 0.0000
47 26 0.0000 0.0000
48 26 0.0000 0.0000
49 26 0.0000 0.0000
50 26 0.0000 0.0000
51 26 0.0000 0.0000
52 26 0.0000 0.0000
53 26 0.0000 0.0000
54 26 0.0000 0.0000
55 26 0.0000 0.0000
56 26 0.0000 0.0000
57 26 0.0000 0.0000
58 26 0.0000 0.0000
59 26 0.0000 0.0000
60 26 0.0000 0.0000
61 26 0.0000 0.0000
62 26 0.0000 0.0000
63 26 0.0000 0.0000
0 27 0.0000 0.0000
1 27 0.0000 0.0000
2 27 0.0000 0.0000
3 27 0.0000 5.5638
4 27 0.0000 5.7951
5 27 0.0005 5.9060
6 27 0.0049 5.9982
7 27 0.0274 6.0371
8 27 0.1084 6.0476
9 27 0.3379 6.0853
10 27 0.8213 6.1492
11 27 1.4585 6.1916
12 27 2.0481 6.1647
13 27 3.0062 6.0780
14 27 5.1150 6.0754
15 27 7.9540 6.1356
16 27 10.2780 6.1409
17 27 12.7351 6.0437
18 27 17.2054 5.9848
19 27 22.6009 6.0473
20 27 26.3901 6.1044
21 27 28.4802 6.0267
22 27 30.3513 5.8472
23 27 29.6462 5.6494
24 27 21.1445 5.3020
25 27 8.8632 3.7357
26 27 26.9553 2.3267
27 27 35.0639 1.9865
28 27 22.6387 1.7981
29 27 7.7590 1.6896
30 27 1.4096 1.6314
31 27 0.1344 1.6013
32 27 0.0066 1.5708
33 27 0.0000 0.0000
34 27 0.0000 0.0000
35 27 0.0000 0.0000
36 27 0.0000 0.0000
37 27 0.0000 0.0000
38 27 0.0000 0.0000
39 27 0.0000 0.0000
40 27 0.0000 0.0000
41 27 0.0000 0.0000
42 27 0.0000 0.0000
43 27 0.0000 0.0000
44 27 0.0000 0.0000
45 27 0.0000 0.0000
46 27 0.0000 0.0000
47 27 0.0000 0.0000
48 27 0.0000 0.0000
49 27 0.0000 0.0000
50 27 0.0000 0.0000
51 27 0.0000 0.0000
52 27 0.0000 0.0000
53 27 0.0000 0.0000
54 27 0.0000 0.0000
55 27 0.0000 0.0000
56 27 0.0000 0.0000
57 27 0.0000 0.0000
58 27 0.0000 0.0000
59 27 0.0000 0.0000
60 27 0.0000 0.0000
61 27 0.0000 0.0000
62 27 0.0000 0.0000
63 27 0.0000 0.0000
0 28 0.0000 0.0000
1 28 0.0000 0.0000
2 28 0.0000 4.8528
3 28 0.0000 5.1850
4 28 0.0007 5.4829
5 28 0.0082 5.6781
6 28 0.0614 5.8382
7 28 0.2960 5.9319
8 28 0.9734 5.9613
9 28 2.4360 5.9853
10 28 4.9434 6.0548
11 28 7.9268 6.1325
12 28 10.2765 6.1405
13 28 12.7352 6.0437
14 28 17.2054 5.9848
15 28 22.6008 6.0474
16 28 26.3916 6.1056
17 28 28.5067 6.0392
18 28 30.5192 5.9222
19 28 31.3826 5.9312
20 28 30.5182 6.0468
21 28 27.7697 6.0875
22 28 20.4154 5.9900
23 28 7.1971 5.7764
24 28 10.8431 2.8633
25 28 28.6928 2.7149
26 28 36.1673 2.5436
27 28 28.2201 2.3058
28 28 14.1236 2.0522
29 28 4.3328 1.8466
30 28 0.7544 1.7152
31 28 0.0707 1.6427
32 28 0.0034 1.5708
33 28 0.0000 0.0000
34 28 0.0000 0.0000
35 28 0.0000 0.0000
36 28 0.0000 0.0000
37 28 0.0000 0.0000
38 28 0.0000 0.0000
39 28 0.0000 0.0000
40 28 0.0000 0.0000
41 28 0.0000 0.0000
42 28 0.0000 0.0000
43 28 0.0000 0.0000
44 28 0.0000 0.0000
45 28 0.0000 0.0000
46 28 0.0000 0.0000
47 28 0.0000 0.0000
48 28 0.0000 0.0000
49 28 0.0000 0.0000
50 28 0.0000 0.0000
51 28 0.0000 0.0000
52 28 0.0000 0.0000
53 28 0.0000 0.0000
54 28 0.0000 0.0000
55 28 0.0000 0.0000
56 28 0.0000 0.0000
57 28 0.0000 0.0000
58 28 0.0000 0.0000
59 28 0.0000 0.0000
60 28 0.0000 0.0000
61 28 0.0000 0.0000
62 28 0.0000 0.0000
63 28 0.0000 0.0000
0 29 0.0000 0.0000
1 29 0.0000 0.0000
2 29 0.0000 4.7187
3 29 0.0005 5.0408
4 29 0.0080 5.2691
5 29 0.0760 5.4692
6 29 0.4653 5.6518
7 29 1.8698 5.7899
8 29 5.1154 5.8597
9 29 10.2822 5.8833
10 29 16.6201 5.9350
11 29 22.5606 6.0379
12 29 26.4119 6.1045
13 29 28.5188 6.0393
14 29 30.5258 5.9223
15 29 31.3862 5.9312
16 29 30.5263 6.0462
17 29 27.8669 6.0811
18 29 21.3464 5.9526
19 29 12.0625 5.7206
20 29 3.6364 5.5183
21 29 3.8942 2.3109
22 29 13.1262 2.4590
23 29 23.6889 2.5783
24 29 30.8484 2.6329
25 29 31.8311 2.6574
26 29 25.9259 2.6395
27 29 15.0960 2.5290
28 29 5.8936 2.3160
29 29 1.5219 2.0606
30 29 0.2444 1.8480
31 29 0.0222 1.7118
32 29 0.0011 1.5707
33 29 0.0000 0.0000
34 29 0.0000 0.0000
35 29 0.0000 0.0000
36 29 0.0000 0.0000
37 29 0.0000 0.0000
38 29 0.0000 0.0000
39 29 0.0000 0.0000
40 29 0.0000 0.0000
41 29 0.0000 0.0000
42 29 0.0000 0.0000
43 29 0.0000 0.0000
44 29 0.0000 0.0000
45 29 0.0000 0.0000
46 29 0.0000 0.0000
47 29 0.0000 0.0000
48 29 0.0000 0.0000
49 29 0.0000 0.0000
50 29 0.0000 0.0000
51 29 0.0000 0.0000
52 29 0.0000 0.0000
53 29 0.0000 0.0000
54 29 0.0000 0.0000
55 29 0.0000 0.0000
56 29 0.0000 0.0000
57 29 0.0000 0.0000
58 29 0.0000 0.0000
59 29 0.0000 0.0000
60 29 0.0000 0.0000
61 29 0.0000 0.0000
62 29 0.0000 0.0000
63 29 0.0000 0.0000
0 30 0.0000 0.0000
1 30 0.0000 0.0000
2 30 0.0002 4.7130
3 30 0.0043 4.9113
4 30 0.0560 5.0723
5 30 0.4395 5.2569
6 30 2.1864 5.4462
7 30 7.1267 5.6143
8 30 15.8102 5.7361
9 30 25.1897 5.7950
10 30 30.9982 5.8261
11 30 32.1239 5.9109
12 30 30.9005 6.0457
13 30 28.0757 6.0830
14 30 21.4773 5.9551
15 30 12.1242 5.7242
16 30 3.6774 5.5185
17 30 3.6489 2.3680
18 30 12.0546 2.5785
19 30 21.3380 2.8108
20 30 27.8618 2.9389
21 30 30.5325 2.8991
22 30 31.4200 2.7586
23 30 30.0238 2.6742
24 30 24.8919 2.6721
25 30 17.6100 2.6958
26 30 10.5707 2.7133
27 30 4.9601 2.6864
28 30 1.6019 2.5609
29 30 0.3381 2.3286
30 30 0.0467 2.0578
31 30 0.0040 1.8374
32 30 0.0002 1.5702
33 30 0.0000 0.0000
34 30 0.0000 0.0000
35 30 0.0000 0.0000
36 30 0.0000 0.0000
37 30 0.0000 0.0000
38 30 0.0000 0.0000
39 30 0.0000 0.0000
40 30 0.0000 0.0000
41 30 0.0000 0.0000
42 30 0.0000 0.0000
43 30 0.0000 0.0000
44 30 0.0000 0.0000
45 30 0.0000 0.0000
46 30 0.0000 0.0000
47 30 0.0000 0.0000
48 30 0.0000 0.0000
49 30 0.0000 0.0000
50 30 0.0000 0.0000
51 30 0.0000 0.0000
52 30 0.0000 0.0000
53 30 0.0000 0.0000
54 30 0.0000 0.0000
55 30 0.0000 0.0000
56 30 0.0000 0.0000
57 30 0.0000 0.0000
58 30 0.0000 0.0000
59 30 0.0000 0.0000
60 30 0.0000 0.0000
61 30 0.0000 0.0000
62 30 0.0000 0.0000
63 30 0.0000 0.0000
0 31 0.0000 0.0000
1 31 0.0000 0.0000
2 31 0.0009 4.7125
3 31 0.0201 4.8163
4 31 0.2361 4.9114
5 31 1.5851 5.0501
6 31 6.4582 5.2227
7 31 16.7996 5.4046
8 31 29.0980 5.5786
9 31 34.9098 5.7255
10 31 29.3103 5.8073
11 31 16.7823 5.8056
12 31 6.0072 5.8820
13 31 2.8285 1.7798
14 31 10.9380 2.4991
15 31 20.5962 2.7922
16 31 27.4907 2.9341
17 31 30.3005 2.9020
18 31 31.1941 2.7871
19 31 30.3491 2.7783
20 31 28.3744 2.8961
21 31 26.3104 2.9618
22 31 22.4665 2.8950
23 31 16.5275 2.7923
24 31 10.3300 2.7488
25 31 5.5170 2.7620
26 31 2.5232 2.7849
27 31 0.9585 2.7946
28 31 0.2672 2.7477
29 31 0.0481 2.5947
30 31 0.0055 2.3353
31 31 0.0004 2.0493
32 31 0.0000 1.5648
33 31 0.0000 0.0000
34 31 0.0000 0.0000
35 31 0.0000 0.0000
36 31 0.0000 0.0000
37 31 0.0000 0.0000
38 31 0.0000 0.0000
39 31 0.0000 0.0000
40 31 0.0000 0.0000
41 31 0.0000 0.0000
42 31 0.0000 0.0000
43 31 0.0000 0.0000
44 31 0.0000 0.0000
45 31 0.0000 0.0000
46 31 0.0000 0.0000
47 31 0.0000 0.0000
48 31 0.0000 0.0000
49 31 0.0000 0.0000
50 31 0.0000 0.0000
51 31 0.0000 0.0000
52 31 0.0000 0.0000
53 31 0.0000 0.0000
54 31 0.0000 0.0000
55 31 0.0000 0.0000
56 31 0.0000 0.0000
57 31 0.0000 0.0000
58 31 0.0000 0.0000
59 31 0.0000 0.0000
60 31 0.0000 0.0000
61 31 0.0000 0.0000
62 31 0.0000 0.0000
63 31 0.0000 0.0000
0 32 0.0000 0.0000
1 32 0.0000 0.0000
2 32 0.0024 4.7124
3 32 0.0516 4.7547
4 32 0.5730 4.7950
5 32 3.4925 4.8640
6 32 12.1943 4.9709
7 32 25.5049 5.1168
8 32 32.8330 5.3127
9 32 25.7725 5.6292
10 32 11.4891 0.1039
11 32 9.7849 1.9701
12 32 17.0399 2.6305
13 32 21.3372 2.7179
14 32 24.7021 2.6319
15 32 26.3447 2.6741
16 32 25.7987 2.8447
17 32 24.2469 2.9384
18 32 20.6260 2.8787
19 32 15.4415 2.8021
20 32 11.3706 2.8608
21 32 9.4703 2.9738
22 32 7.5421 2.9740
23 32 4.7161 2.8970
24 32 2.2557 2.8171
25 32 0.8452 2.7659
26 32 0.2343 2.6634
27 32 0.0455 2.2911
28 32 0.0113 1.0955
29 32 0.0100 0.2428
30 32 0.0101 0.0332
31 32 0.0100 0.0029
32 32 0.0091 0.0001
33 32 0.0067 0.0000
34 32 0.0034 0.0000
35 32 0.0011 0.0000
36 32 0.0002 0.0000
37 32 0.0000 0.0000
38 32 0.0000 0.0000
39 32 0.0000 0.0000
40 32 0.0000 0.0000
41 32 0.0000 0.0000
42 32 0.0000 0.0000
43 32 0.0000 0.0000
44 32 0.0000 0.0000
45 32 0.0000 0.0000
46 32 0.0000 0.0000
47 32 0.0000 0.0000
48 32 0.0000 0.0000
49 32 0.0000 0.0000
50 32 0.0000 0.0000
51 32 0.0000 0.0000
52 32 0.0000 0.0000
53 32 0.0000 0.0000
54 32 0.0000 0.0000
55 32 0.0000 0.0000
56 32 0.0000 0.0000
57 32 0.0000 0.0000
58 32 0.0000 0.0000
59 32 0.0000 0.0000
60 32 0.0000 0.0000
61 32 0.0000 0.0000
62 32 0.0000 0.0000
63 32 0.0000 0.0000
0 33 0.0000 0.0000
1 33 0.0000 0.0000
2 33 0.0033 4.7124
3 33 0.0708 4.7124
4 33 0.7730 4.7124
5 33 4.5655 4.7124
6 33 15.0273 4.7124
7 33 28.2516 4.7124
8 33 29.3906 4.7124
9 33 11.3154 4.7124
10 33 11.0092 1.5708
11 33 18.7093 1.5708
12 33 13.4198 1.5708
13 33 9.4882 1.5708
14 33 10.6063 1.5707
15 33 10.0286 1.5696
16 33 5.8781 1.5476
17 33 2.6097 1.2191
18 33 3.1855 0.5178
19 33 5.1441 0.3361
20 33 5.1691 0.3319
21 33 3.2450 0.4185
22 33 1.6947 0.4593
23 33 1.4439 0.2140
24 33 1.7236 0.0643
25 33 1.7714 0.0458
26 33 1.4152 0.0750
27 33 0.8330 0.1257
28 33 0.4006 0.1499
29 33 0.2371 0.0774
30 33 0.2058 0.0153
31 33 0.1996 0.0058
32 33 0.1829 0.0154
33 33 0.1380 0.0367
34 33 0.0754 0.0695
35 33 0.0304 0.1011
36 33 0.0137 0.0703
37 33 0.0103 0.0153
38 33 0.0091 0.0016
39 33 0.0067 0.0001
40 33 0.0034 0.0000
41 33 0.0011 0.0000
42 33 0.0002 0.0000
43 33 0.0000 0.0000
44 33 0.0000 0.0000
45 33 0.0000 0.0000
46 33 0.0000 0.0000
47 33 0.0000 0.0000
48 33 0.0000 0.0000
49 33 0.0000 0.0000
50 33 0.0000 0.0000
51 33 0.0000 0.0000
52 33 0.0000 0.0000
53 33 0.0000 0.0000
54 33 0.0000 0.0000
55 33 0.0000 0.0000
56 33 0.0000 0.0000
57 33 0.0000 0.0000
58 33 0.0000 0.0000
59 33 0.0000 0.0000
60 33 0.0000 0.0000
61 33 0.0000 0.0000
62 33 0.0000 0.0000
63 33 0.0000 0.0000
0 34 0.0000 0.0000
1 34 0.0000 0.0000
2 34 0.0024 4.7124
3 34 0.0516 4.6701
4 34 0.5730 4.6298
5 34 3.4925 4.5608
6 34 12.1943 4.4538
7 34 25.5049 4.3080
8 34 32.8330 4.1121
9 34 25.7725 3.7955
10 34 11.4891 3.0377
11 34 9.7849 1.1715
12 34 17.0399 0.5111
13 34 21.3369 0.4237
14 34 24.6964 0.5091
15 34 26.3042 0.4616
16 34 25.8823 0.2590
17 34 25.7617 0.0846
18 34 25.9483 0.0483
19 34 25.2510 0.1124
20 34 22.1501 0.2276
21 34 16.9998 0.2996
22 34 12.7077 0.2246
23 34 11.0235 0.0801
24 34 10.6182 0.0295
25 34 9.8762 0.0568
26 34 7.9022 0.1277
27 34 5.1128 0.2040
28 34 3.0350 0.1959
29 34 2.2351 0.0801
30 34 2.0822 0.0154
31 34 2.0377 0.0096
32 34 1.8772 0.0290
33 34 1.4445 0.0687
34 34 0.8399 0.1229
35 34 0.4019 0.1489
36 34 0.2371 0.0780
37 34 0.2026 0.0193
38 34 0.1831 0.0169
39 34 0.1380 0.0368
40 34 0.0754 0.0695
41 34 0.0304 0.1011
42 34 0.0135 0.0712
43 34 0.0094 0.0167
44 34 0.0068 0.0021
45 34 0.0034 0.0002
46 34 0.0011 0.0000
47 34 0.0002 0.0000
48 34 0.0000 0.0000
49 34 0.0000 0.0000
50 34 0.0000 0.0000
51 34 0.0000 0.0000
52 34 0.0000 0.0000
53 34 0.0000 0.0000
54 34 0.0000 0.0000
55 34 0.0000 0.0000
56 34 0.0000 0.0000
57 34 0.0000 0.0000
58 34 0.0000 0.0000
59 34 0.0000 0.0000
60 34 0.0000 0.0000
61 34 0.0000 0.0000
62 34 0.0000 0.0000
63 34 0.0000 0.0000
0 35 0.0000 0.0000
1 35 0.0000 0.0000
2 35 0.0009 4.7125
3 35 0.0201 4.6084
4 35 0.2361 4.5134
5 35 1.5851 4.3747
6 35 6.4582 4.2021
7 35 16.7996 4.0202
8 35 29.0980 3.8462
9 35 34.9098 3.6992
10 35 29.3103 3.6174
11 35 16.7823 3.6192
12 35 6.0072 3.5428
13 35 2.8270 1.3616
14 35 10.9195 0.6402
15 35 20.4900 0.3334
16 35 27.2137 0.1363
17 35 29.7801 0.0472
18 35 30.3418 0.0648
19 35 30.7313 0.1942
20 35 31.3293 0.3449
21 35 30.4747 0.3551
22 35 28.5919 0.2095
23 35 27.7630 0.0691
24 35 27.3935 0.0407
25 35 26.0660 0.1043
26 35 22.5199 0.2206
27 35 17.2002 0.2944
28 35 12.8430 0.2211
29 35 11.1082 0.0762
30 35 10.7828 0.0155
31 35 10.6142 0.0169
32 35 9.8808 0.0553
33 35 7.9035 0.1276
34 35 5.1130 0.2040
35 35 3.0350 0.1960
36 35 2.2324 0.0816
37 35 2.0521 0.0227
38 35 1.8780 0.0304
39 35 1.4445 0.0688
40 35 0.8398 0.1229
41 35 0.4017 0.1494
42 35 0.2340 0.0828
43 35 0.1861 0.0319
44 35 0.1382 0.0388
45 35 0.0754 0.0697
46 35 0.0302 0.1017
47 35 0.0126 0.0765
48 35 0.0071 0.0225
49 35 0.0034 0.0042
50 35 0.0011 0.0006
51 35 0.0002 0.0000
52 35 0.0000 0.0000
53 35 0.0000 0.0000
54 35 0.0000 0.0000
55 35 0.0000 0.0000
56 35 0.0000 0.0000
57 35 0.0000 0.0000
58 35 0.0000 0.0000
59 35 0.0000 0.0000
60 35 0.0000 0.0000
61 35 0.0000 0.0000
62 35 0.0000 0.0000
63 35 0.0000 0.0000
0 36 0.0000 0.0000
1 36 0.0000 0.0000
2 36 0.0002 4.7130
3 36 0.0043 4.5135
4 36 0.0560 4.3524
5 36 0.4395 4.1679
6 36 2.1864 3.9786
7 36 7.1267 3.8105
8 36 15.8102 3.6887
9 36 25.1897 3.6298
10 36 30.9982 3.5987
11 36 32.1239 3.5139
12 36 30.9005 3.3791
13 36 28.0759 3.3419
14 36 21.4859 3.4705
15 36 12.2784 3.7128
16 36 4.9123 4.0001
17 36 1.1137 4.2302
18 36 1.1059 1.1050
19 36 4.8918 0.8638
20 36 12.2005 0.5727
21 36 21.2537 0.3159
22 36 27.5950 0.1319
23 36 29.9951 0.0462
24 36 30.4818 0.0642
25 36 30.8040 0.1935
26 36 31.3565 0.3445
27 36 30.4860 0.3549
28 36 28.5971 0.2089
29 36 27.7829 0.0639
30 36 27.6464 0.0155
31 36 27.3779 0.0304
32 36 26.0627 0.1032
33 36 22.5195 0.2205
34 36 17.2002 0.2944
35 36 12.8429 0.2213
36 36 11.0970 0.0790
37 36 10.6449 0.0291
38 36 9.8830 0.0566
39 36 7.9036 0.1276
40 36 5.1129 0.2041
41 36 3.0327 0.1973
42 36 2.2035 0.0902
43 36 1.8931 0.0452
44 36 1.4454 0.0708
45 36 0.8396 0.1233
46 36 0.3987 0.1529
47 36 0.2177 0.0997
48 36 0.1413 0.0590
49 36 0.0754 0.0737
50 36 0.0294 0.1055
51 36 0.0103 0.0956
52 36 0.0038 0.0435
53 36 0.0011 0.0137
54 36 0.0002 0.0038
55 36 0.0000 0.0000
56 36 0.0000 0.0000
57 36 0.0000 0.0000
58 36 0.0000 0.0000
59 36 0.0000 0.0000
60 36 0.0000 0.0000
61 36 0.0000 0.0000
62 36 0.0000 0.0000
63 36 0.0000 0.0000
0 37 0.0000 0.0000
1 37 0.0000 0.0000
2 37 0.0000 4.7187
3 37 0.0005 4.3840
4 37 0.0080 4.1557
5 37 0.0760 3.9555
6 37 0.4653 3.7730
7 37 1.8698 3.6349
8 37 5.1154 3.5651
9 37 10.2822 3.5415
10 37 16.6201 3.4897
11 37 22.5606 3.3869
12 37 26.4119 3.3203
13 37 28.5185 3.3855
14 37 30.5212 3.5018
15 37 31.3634 3.4865
16 37 30.8052 3.3351
17 37 30.4820 3.2058
18 37 29.9951 3.1878
19 37 27.5950 3.2735
20 37 21.2539 3.4575
21 37 12.2014 3.7143
22 37 4.8941 4.0049
23 37 1.1089 4.2408
24 37 1.1089 1.0992
25 37 4.8941 0.8633
26 37 12.2014 0.5727
27 37 21.2534 0.3159
28 37 27.5912 0.1308
29 37 29.9856 0.0366
30 37 30.4584 0.0155
31 37 30.5175 0.0580
32 37 30.8028 0.1928
33 37 31.3562 0.3445
34 37 30.4862 0.3550
35 37 28.5988 0.2094
36 37 27.7665 0.0691
37 37 27.3946 0.0407
38 37 26.0662 0.1043
39 37 22.5199 0.2206
40 37 17.2004 0.2946
41 37 12.8362 0.2240
42 37 10.9704 0.0945
43 37 9.9199 0.0706
44 37 7.9067 0.1295
45 37 5.1108 0.2050
46 37 3.0061 0.2050
47 37 2.0484 0.1184
48 37 1.4616 0.0908
49 37 0.8376 0.1284
50 37 0.3827 0.1663
51 37 0.1732 0.1422
52 37 0.0778 0.1118
53 37 0.0272 0.1262
54 37 0.0070 0.1471
55 37 0.0014 0.1256
56 37 0.0002 0.0794
57 37 0.0000 0.0425
58 37 0.0000 0.0000
59 37 0.0000 0.0000
60 37 0.0000 0.0000
61 37 0.0000 0.0000
62 37 0.0000 0.0000
63 37 0.0000 0.0000
0 38 0.0000 0.0000
1 38 0.0000 0.0000
2 38 0.0000 4.8528
3 38 0.0000 4.2398
4 38 0.0007 3.9419
5 38 0.0082 3.7467
6 38 0.0614 3.5866
7 38 0.2960 3.4929
8 38 0.9734 3.4635
9 38 2.4360 3.4395
10 38 4.9434 3.3700
11 38 7.9268 3.2923
12 38 10.2765 3.2843
13 38 12.7349 3.3810
14 38 17.1960 3.4382
15 38 22.5199 3.3623
16 38 26.0662 3.2459
17 38 27.3946 3.1823
18 38 27.7665 3.2107
19 38 28.5988 3.3510
20 38 30.4862 3.4966
21 38 31.3565 3.4861
22 38 30.8040 3.3351
23 38 30.4818 3.2058
24 38 29.9951 3.1878
25 38 27.5950 3.2735
26 38 21.2539 3.4575
27 38 12.2019 3.7144
28 38 4.9099 4.0069
29 38 1.3017 4.2735
30 38 0.0000 4.2179
31 38 1.3017 1.1319
32 38 4.9099 0.8653
33 38 12.2019 0.5728
34 38 21.2539 0.3159
35 38 27.5950 0.1319
36 38 29.9951 0.0462
37 38 30.4818 0.0642
38 38 30.8040 0.1935
39 38 31.3567 0.3445
40 38 30.4898 0.3554
41 38 28.6032 0.2148
42 38 27.5585 0.0968
43 38 26.1060 0.1161
44 38 22.5267 0.2221
45 38 17.1965 0.2967
46 38 12.7348 0.2393
47 38 10.2779 0.1423
48 38 7.9515 0.1480
49 38 5.0886 0.2124
50 38 2.8583 0.2325
51 38 1.6216 0.1831
52 38 0.8398 0.1689
53 38 0.3392 0.2065
54 38 0.1084 0.2370
55 38 0.0274 0.2461
56 38 0.0049 0.2849
57 38 0.0005 0.3772
58 38 0.0000 0.4881
59 38 0.0000 0.7194
60 38 0.0000 0.0000
61 38 0.0000 0.0000
62 38 0.0000 0.0000
63 38 0.0000 0.0000
0 39 0.0000 0.0000
1 39 0.0000 0.0000
2 39 0.0000 0.0000
3 39 0.0000 3.8609
4 39 0.0000 3.6297
5 39 0.0005 3.5188
6 39 0.0049 3.4265
7 39 0.0274 3.3877
8 39 0.1084 3.3772
9 39 0.3379 3.3395
10 39 0.8213 3.2755
11 39 1.4585 3.2332
12 39 2.0481 3.2601
13 39 3.0061 3.3466
14 39 5.1106 3.3464
15 39 7.9035 3.2693
16 39 9.8830 3.1982
17 39 10.6449 3.1707
18 39 11.0970 3.2206
19 39 12.8429 3.3629
20 39 17.2002 3.4360
21 39 22.5199 3.3622
22 39 26.0662 3.2459
23 39 27.3946 3.1823
24 39 27.7665 3.2107
25 39 28.5988 3.3510
26 39 30.4862 3.4966
27 39 31.3562 3.4860
28 39 30.8028 3.3344
29 39 30.5175 3.1996
30 39 30.4584 3.1571
31 39 29.9856 3.1782
32 39 27.5912 3.2724
33 39 21.2534 3.4574
34 39 12.2014 3.7143
35 39 4.8941 4.0049
36 39 1.1089 4.2408
37 39 1.1089 1.0992
38 39 4.8941 0.8633
39 39 12.2022 0.5728
40 39 21.2629 0.3173
41 39 27.6339 0.1432
42 39 30.0719 0.0979
43 39 30.7944 0.2002
44 39 31.3642 0.3456
45 39 30.5149 0.3604
46 39 28.5065 0.2439
47 39 26.3914 0.1777
48 39 22.5945 0.2374
49 39 17.1171 0.3102
50 39 12.1171 0.2894
51 39 8.3428 0.2385
52 39 5.0019 0.2567
53 39 2.4414 0.3035
54 39 0.9759 0.3218
55 39 0.2981 0.3487
56 39 0.0622 0.4391
57 39 0.0084 0.5941
58 39 0.0007 0.7845
59 39 0.0000 1.0783
60 39 0.0000 1.4303
61 39 0.0000 0.0000
62 39 0.0000 0.0000
63 39 0.0000 0.0000
0 40 0.0000 0.0000
1 40 0.0000 0.0000
2 40 0.0000 0.0000
3 40 0.0000 0.0000
4 40 0.0000 3.1416
5 40 0.0000 3.1841
6 40 0.0002 3.2209
7 40 0.0014 3.2672
8 40 0.0070 3.2864
9 40 0.0270 3.2570
10 40 0.0745 3.2163
11 40 0.1412 3.2007
12 40 0.2177 3.2413
13 40 0.3987 3.2945
14 40 0.8396 3.2648
15 40 1.4445 3.2104
16 40 1.8780 3.1720
17 40 2.0521 3.1643
18 40 2.2324 3.2232
19 40 3.0350 3.3376
20 40 5.1130 3.3456
21 40 7.9036 3.2692
22 40 9.8830 3.1982
23 40 10.6449 3.1707
24 40 11.0970 3.2206
25 40 12.8429 3.3629
26 40 17.2002 3.4360
27 40 22.5195 3.3621
28 40 26.0627 3.2447
29 40 27.3779 3.1720
30 40 27.6464 3.1571
31 40 27.7829 3.2055
32 40 28.5971 3.3505
33 40 30.4859 3.4965
34 40 31.3565 3.4861
35 40 30.8040 3.3351
36 40 30.4818 3.2058
37 40 29.9951 3.1878
38 40 27.5950 3.2735
39 40 21.2536 3.4575
40 40 12.1893 3.7131
41 40 4.7183 3.9871
42 40 0.0000 3.1416
43 40 4.7194 0.8457
44 40 12.2060 0.5737
45 40 21.3547 0.3314
46 40 27.8672 0.2022
47 40 30.5283 0.2374
48 40 31.4106 0.3567
49 40 30.5407 0.3879
50 40 27.6615 0.3292
51 40 23.0030 0.3152
52 40 16.6867 0.3666
53 40 10.2943 0.4021
54 40 5.1603 0.4194
55 40 1.9096 0.4831
56 40 0.4804 0.6142
57 40 0.0789 0.7916
58 40 0.0083 0.9915
59 40 0.0005 1.2228
60 40 0.0000 1.5648
61 40 0.0000 0.0000
62 40 0.0000 0.0000
63 40 0.0000 0.0000
0 41 0.0000 0.0000
1 41 0.0000 0.0000
2 41 0.0000 0.0000
3 41 0.0000 0.0000
4 41 0.0000 0.0000
5 41 0.0000 0.0000
6 41 0.0000 3.1416
7 41 0.0000 3.1416
8 41 0.0002 3.1416
9 41 0.0011 3.1422
10 41 0.0034 3.1458
11 41 0.0071 3.1641
12 41 0.0126 3.2181
13 41 0.0302 3.2433
14 41 0.0754 3.2111
15 41 0.1380 3.1784
16 41 0.1831 3.1585
17 41 0.2026 3.1609
18 41 0.2371 3.2196
19 41 0.4019 3.2905
20 41 0.8399 3.2645
21 41 1.4445 3.2104
22 41 1.8780 3.1720
23 41 2.0521 3.1643
24 41 2.2324 3.2232
25 41 3.0350 3.3376
26 41 5.1130 3.3456
27 41 7.9035 3.2691
28 41 9.8808 3.1968
29 41 10.6142 3.1585
30 41 10.7828 3.1571
31 41 11.1082 3.2178
32 41 12.8430 3.3627
33 41 17.2002 3.4360
34 41 22.5199 3.3622
35 41 26.0662 3.2459
36 41 27.3946 3.1823
37 41 27.7665 3.2107
38 41 28.5988 3.3510
39 41 30.4865 3.4966
40 41 31.3604 3.4867
41 41 30.7942 3.3417
42 41 30.0717 3.2395
43 41 27.6327 3.2848
44 41 21.2512 3.4581
45 41 12.0418 3.7025
46 41 3.6476 3.9144
47 41 3.6979 0.7704
48 41 12.2836 0.5801
49 41 21.9967 0.3999
50 41 28.9647 0.3518
51 41 31.6738 0.4136
52 41 30.6335 0.4683
53 41 25.1943 0.4847
54 41 16.2316 0.5288
55 41 7.5070 0.6359
56 41 2.3362 0.7943
57 41 0.4717 0.9839
58 41 0.0602 1.1776
59 41 0.0046 1.3499
60 41 0.0002 1.5702
61 41 0.0000 0.0000
62 41 0.0000 0.0000
63 41 0.0000 0.0000
0 42 0.0000 0.0000
1 42 0.0000 0.0000
2 42 0.0000 0.0000
3 42 0.0000 0.0000
4 42 0.0000 0.0000
5 42 0.0000 0.0000
6 42 0.0000 0.0000
7 42 0.0000 0.0000
8 42 0.0000 0.0000
9 42 0.0000 0.0000
10 42 0.0000 3.1416
11 42 0.0000 3.1416
12 42 0.0002 3.1416
13 42 0.0011 3.1416
14 42 0.0034 3.1416
15 42 0.0067 3.1417
16 42 0.0091 3.1432
17 42 0.0103 3.1569
18 42 0.0137 3.2119
19 42 0.0304 3.2426
20 42 0.0754 3.2111
21 42 0.1380 3.1784
22 42 0.1831 3.1585
23 42 0.2026 3.1609
24 42 0.2371 3.2196
25 42 0.4019 3.2905
26 42 0.8399 3.2645
27 42 1.4445 3.2103
28 42 1.8772 3.1706
29 42 2.0377 3.1512
30 42 2.0822 3.1570
31 42 2.2351 3.2217
32 42 3.0350 3.3375
33 42 5.1130 3.3456
34 42 7.9036 3.2692
35 42 9.8830 3.1982
36 42 10.6447 3.1707
37 42 11.0959 3.2206
38 42 12.8396 3.3630
39 42 17.1942 3.4362
40 42 22.5178 3.3636
41 42 26.0958 3.2577
42 42 27.5450 3.2385
43 42 28.5746 3.3568
44 42 30.4256 3.4988
45 42 31.2500 3.4950
46 42 30.3200 3.3810
47 42 27.4880 3.3484
48 42 20.4864 3.4827
49 42 9.9435 3.7324
50 42 2.0274 0.0457
51 42 14.3337 0.5076
52 42 27.2773 0.4872
53 42 34.8291 0.5270
54 42 31.0081 0.6389
55 42 18.6386 0.7946
56 42 7.2920 0.9795
57 42 1.8090 1.1712
58 42 0.2727 1.3332
59 42 0.0235 1.4455
60 42 0.0010 1.5707
61 42 0.0000 0.0000
62 42 0.0000 0.0000
63 42 0.0000 0.0000
0 43 0.0000 0.0000
1 43 0.0000 0.0000
2 43 0.0000 0.0000
3 43 0.0000 0.0000
4 43 0.0000 0.0000
5 43 0.0000 0.0000
6 43 0.0000 0.0000
7 43 0.0000 0.0000
8 43 0.0000 0.0000
9 43 0.0000 0.0000
10 43 0.0000 0.0000
11 43 0.0000 0.0000
12 43 0.0000 0.0000
13 43 0.0000 0.0000
14 43 0.0000 0.0000
15 43 0.0000 0.0000
16 43 0.0000 3.1416
17 43 0.0000 3.1416
18 43 0.0002 3.1416
19 43 0.0011 3.1416
20 43 0.0034 3.1416
21 43 0.0067 3.1417
22 43 0.0091 3.1432
23 43 0.0103 3.1569
24 43 0.0137 3.2119
25 43 0.0304 3.2426
26 43 0.0754 3.2111
27 43 0.1380 3.1783
28 43 0.1829 3.1570
29 43 0.1996 3.1474
30 43 0.2056 3.1569
31 43 0.2363 3.2192
32 43 0.3986 3.2918
33 43 0.8332 3.2655
34 43 1.4354 3.2108
35 43 1.8677 3.1723
36 43 2.0385 3.1649
37 43 2.2026 3.2259
38 43 2.9624 3.3448
39 43 4.9794 3.3529
40 43 7.7260 3.2748
41 43 9.7183 3.2142
42 43 10.7374 3.2402
43 43 12.4642 3.3783
44 43 16.4480 3.4600
45 43 21.2248 3.4009
46 43 24.4460 3.3456
47 43 25.8394 3.4395
48 43 26.3907 3.6165
49 43 24.7563 3.6951
50 43 20.0894 3.7251
51 43 12.0701 4.0542
52 43 9.1972 5.8303
53 43 25.4411 0.4446
54 43 36.2146 0.7723
55 43 30.0471 0.9998
56 43 15.0546 1.1944
57 43 4.4740 1.3485
58 43 0.7541 1.4505
59 43 0.0692 1.5093
60 43 0.0033 1.5708
61 43 0.0000 0.0000
62 43 0.0000 0.0000
63 43 0.0000 0.0000
0 44 0.0000 0.0000
1 44 0.0000 0.0000
2 44 0.0000 0.0000
3 44 0.0000 0.0000
4 44 0.0000 0.0000
5 44 0.0000 0.0000
6 44 0.0000 0.0000
7 44 0.0000 0.0000
8 44 0.0000 0.0000
9 44 0.0000 0.0000
10 44 0.0000 0.0000
11 44 0.0000 0.0000
12 44 0.0000 0.0000
13 44 0.0000 0.0000
14 44 0.0000 0.0000
15 44 0.0000 0.0000
16 44 0.0000 0.0000
17 44 0.0000 0.0000
18 44 0.0000 0.0000
19 44 0.0000 0.0000
20 44 0.0000 0.0000
21 44 0.0000 0.0000
22 44 0.0000 0.0000
23 44 0.0002 0.0000
24 44 0.0009 0.0000
25 44 0.0024 0.0000
26 44 0.0033 0.0000
27 44 0.0024 6.2829
28 44 0.0009 6.2658
29 44 0.0005 5.8794
30 44 0.0034 5.9095
31 44 0.0171 6.0303
32 44 0.0459 6.0901
33 44 0.0637 6.1074
34 44 0.0461 6.0832
35 44 0.0212 5.8871
36 44 0.0415 5.6507
37 44 0.1804 5.8086
38 44 0.4674 5.9084
39 44 0.6447 5.9387
40 44 0.4697 5.8956
41 44 0.2188 5.5357
42 44 0.4087 4.7811
43 44 1.2045 4.7145
44 44 2.1280 4.7124
45 44 2.4163 4.7124
46 44 3.0207 4.7124
47 44 6.0950 4.7124
48 44 10.3679 4.7120
49 44 12.2105 4.7093
50 44 13.6884 4.7001
51 44 18.2308 4.7046
52 44 17.8336 4.8017
53 44 6.4625 6.2381
54 44 27.1030 1.2014
55 44 34.5160 1.3671
56 44 21.3383 1.4535
57 44 7.0652 1.5062
58 44 1.2555 1.5364
59 44 0.1181 1.5529
60 44 0.0057 1.5708
61 44 0.0000 0.0000
62 44 0.0000 0.0000
63 44 0.0000 0.0000
0 45 0.0000 0.0000
1 45 0.0000 0.0000
2 45 0.0000 0.0000
3 45 0.0000 0.0000
4 45 0.0000 0.0000
5 45 0.0000 0.0000
6 45 0.0000 0.0000
7 45 0.0000 0.0000
8 45 0.0000 0.0000
9 45 0.0000 0.0000
10 45 0.0000 0.0000
11 45 0.0000 0.0000
12 45 0.0000 0.0000
13 45 0.0000 0.0000
14 45 0.0000 0.0000
15 45 0.0000 0.0000
16 45 0.0000 0.0000
17 45 0.0000 0.0000
18 45 0.0002 0.0000
19 45 0.0011 0.0000
20 45 0.0034 6.2830
21 45 0.0068 6.2811
22 45 0.0094 6.2665
23 45 0.0135 6.2119
24 45 0.0304 6.1821
25 45 0.0754 6.2137
26 45 0.1380 6.2465
27 45 0.1829 6.2677
28 45 0.1996 6.2774
29 45 0.2058 6.2679
30 45 0.2373 6.2060
31 45 0.4018 6.1343
32 45 0.8388 6.1601
33 45 1.4411 6.2142
34 45 1.8712 6.2526
35 45 2.0430 6.2603
36 45 2.2221 6.2011
37 45 3.0218 6.0859
38 45 5.0841 6.0772
39 45 7.8298 6.1535
40 45 9.7456 6.2251
41 45 10.4592 6.2529
42 45 10.8666 6.2004
43 45 12.4708 6.0493
44 45 16.4477 5.9649
45 45 21.2248 6.0239
46 45 24.4460 6.0792
47 45 25.8392 5.9854
48 45 26.3903 5.8102
49 45 24.8496 5.7408
50 45 21.0547 5.7357
51 45 15.8758 5.4762
52 45 10.6995 4.5785
53 45 13.6959 2.9361
54 45 29.2613 2.1460
55 45 33.7728 1.8545
56 45 20.8262 1.7137
57 45 6.9552 1.6428
58 45 1.2444 1.6071
59 45 0.1176 1.5888
60 45 0.0057 1.5708
61 45 0.0000 0.0000
62 45 0.0000 0.0000
63 45 0.0000 0.0000
0 46 0.0000 0.0000
1 46 0.0000 0.0000
2 46 0.0000 0.0000
3 46 0.0000 0.0000
4 46 0.0000 0.0000
5 46 0.0000 0.0000
6 46 0.0000 0.0000
7 46 0.0000 0.0000
8 46 0.0000 0.0000
9 46 0.0000 0.0000
10 46 0.0000 0.0000
11 46 0.0000 0.0000
12 46 0.0000 0.0000
13 46 0.0000 0.0000
14 46 0.0002 0.0000
15 46 0.0011 6.2825
16 46 0.0034 6.2790
17 46 0.0071 6.2606
18 46 0.0126 6.2067
19 46 0.0302 6.1815
20 46 0.0754 6.2135
21 46 0.1382 6.2444
22 46 0.1861 6.2513
23 46 0.2340 6.2004
24 46 0.4017 6.1337
25 46 0.8398 6.1603
26 46 1.4445 6.2145
27 46 1.8772 6.2542
28 46 2.0377 6.2736
29 46 2.0822 6.2678
30 46 2.2351 6.2030
31 46 3.0350 6.0873
32 46 5.1130 6.0792
33 46 7.9036 6.1555
34 46 9.8830 6.2266
35 46 10.6449 6.2541
36 46 11.0970 6.2041
37 46 12.8428 6.0619
38 46 17.1992 5.9888
39 46 22.5165 6.0626
40 46 26.0595 6.1788
41 46 27.3851 6.2424
42 46 27.7531 6.2140
43 46 28.5701 6.0734
44 46 30.4220 5.9265
45 46 31.2497 5.9298
46 46 30.3203 6.0437
47 46 27.4942 6.0755
48 46 20.5941 5.9321
49 46 10.9276 5.6208
50 46 3.3047 4.6633
51 46 7.9094 2.9814
52 46 19.9154 2.7994
53 46 32.8455 2.6965
54 46 36.4215 2.5112
55 46 27.2674 2.2613
56 46 13.5546 2.0102
57 46 4.1541 1.8172
58 46 0.7217 1.6985
59 46 0.0675 1.6338
60 46 0.0033 1.5708
61 46 0.0000 0.0000
62 46 0.0000 0.0000
63 46 0.0000 0.0000
0 47 0.0000 0.0000
1 47 0.0000 0.0000
2 47 0.0000 0.0000
3 47 0.0000 0.0000
4 47 0.0000 0.0000
5 47 0.0000 0.0000
6 47 0.0000 0.0000
7 47 0.0000 0.0000
8 47 0.0000 0.0000
9 47 0.0000 0.0000
10 47 0.0000 0.0000
11 47 0.0002 6.2794
12 47 0.0011 6.2695
13 47 0.0038 6.2397
14 47 0.0103 6.1876
15 47 0.0294 6.1777
16 47 0.0754 6.2095
17 47 0.1413 6.2242
18 47 0.2177 6.1835
19 47 0.3987 6.1303
20 47 0.8396 6.1598
21 47 1.4454 6.2124
22 47 1.8931 6.2379
23 47 2.2035 6.1930
24 47 3.0327 6.0859
25 47 5.1129 6.0791
26 47 7.9035 6.1556
27 47 9.8808 6.2279
28 47 10.6142 6.2663
29 47 10.7828 6.2677
30 47 11.1082 6.2070
31 47 12.8430 6.0621
32 47 17.2002 5.9888
33 47 22.5199 6.0626
34 47 26.0662 6.1789
35 47 27.3946 6.2425
36 47 27.7665 6.2141
37 47 28.5988 6.0738
38 47 30.4862 5.9282
39 47 31.3565 5.9387
40 47 30.8040 6.0897
41 47 30.4818 6.2190
42 47 29.9949 6.2370
43 47 27.5938 6.1513
44 47 21.2422 5.9681
45 47 12.0410 5.7224
46 47 3.6486 5.5101
47 47 3.6772 2.3769
48 47 12.1249 2.5829
49 47 21.5007 2.8149
50 47 28.2321 2.9452
51 47 31.4062 2.9141
52 47 33.1479 2.7892
53 47 32.4097 2.7041
54 47 25.8647 2.6434
55 47 14.8569 2.5187
56 47 5.7779 2.3011
57 47 1.4957 2.0466
58 47 0.2406 1.8383
59 47 0.0219 1.7062
60 47 0.0010 1.5707
61 47 0.0000 0.0000
62 47 0.0000 0.0000
63 47 0.0000 0.0000
0 48 0.0000 0.0000
1 48 0.0000 0.0000
2 48 0.0000 0.0000
3 48 0.0000 0.0000
4 48 0.0000 0.0000
5 48 0.0000 0.0000
6 48 0.0000 0.0000
7 48 0.0000 0.0000
8 48 0.0000 5.5638
9 48 0.0000 5.7951
10 48 0.0005 5.9335
11 48 0.0046 6.0552
12 48 0.0239 6.1382
13 48 0.0754 6.1676
14 48 0.1723 6.1403
15 48 0.3825 6.1168
16 48 0.8376 6.1548
17 48 1.4616 6.1924
18 48 2.0484 6.1648
19 48 3.0061 6.0782
20 48 5.1108 6.0782
21 48 7.9067 6.1537
22 48 9.9199 6.2126
23 48 10.9704 6.1887
24 48 12.8362 6.0592
25 48 17.2004 5.9886
26 48 22.5196 6.0627
27 48 26.0627 6.1800
28 48 27.3779 6.2528
29 48 27.6464 6.2677
30 48 27.7829 6.2192
31 48 28.5971 6.0743
32 48 30.4859 5.9282
33 48 31.3565 5.9387
34 48 30.8040 6.0897
35 48 30.4818 6.2190
36 48 29.9951 6.2370
37 48 27.5950 6.1513
38 48 21.2539 5.9673
39 48 12.2014 5.7105
40 48 4.8941 5.4199
41 48 1.1089 5.1840
42 48 1.1089 2.0424
43 48 4.8952 2.2781
44 48 12.2181 2.5667
45 48 21.3550 2.8101
46 48 27.8671 2.9394
47 48 30.5263 2.9046
48 48 31.3864 2.7896
49 48 30.5285 2.7808
50 48 28.5364 2.8980
51 48 26.4801 2.9640
52 48 22.7386 2.8996
53 48 16.9052 2.7997
54 48 10.4320 2.7424
55 48 4.9219 2.6896
56 48 1.5887 2.5575
57 48 0.3356 2.3236
58 48 0.0465 2.0533
59 48 0.0039 1.8343
60 48 0.0002 1.5702
61 48 0.0000 0.0000
62 48 0.0000 0.0000
63 48 0.0000 0.0000
0 49 0.0000 0.0000
1 49 0.0000 0.0000
2 49 0.0000 0.0000
3 49 0.0000 0.0000
4 49 0.0000 0.0000
5 49 0.0000 0.0000
6 49 0.0000 0.0000
7 49 0.0000 5.5638
8 49 0.0000 5.4996
9 49 0.0008 5.6226
10 49 0.0089 5.7459
11 49 0.0616 5.8935
12 49 0.2759 6.0253
13 49 0.7951 6.1008
14 49 1.6056 6.0966
15 49 2.8555 6.0501
16 49 5.0884 6.0708
17 49 7.9515 6.1351
18 49 10.2779 6.1409
19 49 12.7348 6.0438
20 49 17.1964 5.9865
21 49 22.5267 6.0611
22 49 26.1060 6.1671
23 49 27.5585 6.1863
24 49 28.6032 6.0684
25 49 30.4898 5.9278
26 49 31.3564 5.9387
27 49 30.8028 6.0904
28 49 30.5175 6.2252
29 49 30.4584 6.2677
30 49 29.9856 6.2466
31 49 27.5912 6.1524
32 49 21.2534 5.9673
33 49 12.2014 5.7105
34 49 4.8941 5.4199
35 49 1.1089 5.1840
36 49 1.1089 2.0424
37 49 4.8941 2.2783
38 49 12.2014 2.5689
39 49 21.2539 2.8257
40 49 27.5950 3.0097
41 49 29.9951 3.0954
42 49 30.4818 3.0774
43 49 30.8042 2.9481
44 49 31.3602 2.7966
45 49 30.5146 2.7813
46 49 28.5065 2.8977
47 49 26.3916 2.9640
48 49 22.6008 2.9058
49 49 17.2056 2.8432
50 49 12.7363 2.9021
51 49 10.2815 2.9991
52 49 7.9430 2.9914
53 49 4.9724 2.9147
54 49 2.4522 2.8447
55 49 0.9544 2.8101
56 49 0.2673 2.7507
57 49 0.0481 2.5951
58 49 0.0055 2.3355
59 49 0.0004 2.0493
60 49 0.0000 1.5648
61 49 0.0000 0.0000
62 49 0.0000 0.0000
63 49 0.0000 0.0000
0 50 0.0000 0.0000
1 50 0.0000 0.0000
2 50 0.0000 0.0000
3 50 0.0000 0.0000
4 50 0.0000 0.0000
5 50 0.0000 0.0000
6 50 0.0000 4.8528
7 50 0.0000 5.2049
8 50 0.0008 5.3739
9 50 0.0108 5.4988
10 50 0.0903 5.6018
11 50 0.4961 5.7254
12 50 1.8275 5.8683
13 50 4.5811 5.9897
14 50 8.1961 6.0345
15 50 12.0931 5.9917
16 50 17.1154 5.9728
17 50 22.5944 6.0458
18 50 26.3914 6.1054
19 50 28.5065 6.0392
20 50 30.5149 5.9228
21 50 31.3641 5.9376
22 50 30.7944 6.0830
23 50 30.0719 6.1852
24 50 27.6339 6.1400
25 50 21.2629 5.9659
26 50 12.2027 5.7103
27 50 4.9099 5.4179
28 50 1.3017 5.1513
29 50 0.0000 5.2068
30 50 1.3017 2.0097
31 50 4.9099 2.2763
32 50 12.2019 2.5688
33 50 21.2539 2.8257
34 50 27.5950 3.0097
35 50 29.9951 3.0954
36 50 30.4818 3.0774
37 50 30.8040 2.9481
38 50 31.3565 2.7971
39 50 30.4862 2.7866
40 50 28.5988 2.9322
41 50 27.7665 3.0725
42 50 27.3946 3.1009
43 50 26.0662 3.0373
44 50 22.5199 2.9209
45 50 17.1960 2.8450
46 50 12.7348 2.9022
47 50 10.2780 2.9993
48 50 7.9540 2.9940
49 50 5.1150 2.9338
50 50 3.0063 2.9364
51 50 2.0483 3.0231
52 50 1.4592 3.0500
53 50 0.8228 3.0079
54 50 0.3388 2.9443
55 50 0.1075 2.9039
56 50 0.0260 2.8807
57 50 0.0042 2.8073
58 50 0.0004 2.6280
59 50 0.0000 2.3596
60 50 0.0000 1.4303
61 50 0.0000 0.0000
62 50 0.0000 0.0000
63 50 0.0000 0.0000
0 51 0.0000 0.0000
1 51 0.0000 0.0000
2 51 0.0000 0.0000
3 51 0.0000 0.0000
4 51 0.0000 0.0000
5 51 0.0000 0.0000
6 51 0.0000 4.7184
7 51 0.0005 5.0604
8 51 0.0089 5.2488
9 51 0.0904 5.3951
10 51 0.5941 5.4996
11 51 2.5580 5.5898
12 51 7.3791 5.6991
13 51 14.8910 5.8321
14 51 22.4345 5.9388
15 51 27.5859 5.9467
16 51 30.5366 5.8941
17 51 31.4081 5.9263
18 51 30.5274 6.0457
19 51 27.8670 6.0810
20 51 21.3547 5.9517
21 51 12.2060 5.7095
22 51 4.7194 5.4375
23 51 0.0000 0.0000
24 51 4.7183 2.2961
25 51 12.1893 2.5701
26 51 21.2531 2.8258
27 51 27.5912 3.0108
28 51 29.9856 3.1050
29 51 30.4584 3.1261
30 51 30.5175 3.0836
31 51 30.8028 2.9488
32 51 31.3562 2.7971
33 51 30.4862 2.7866
34 51 28.5988 2.9322
35 51 27.7665 3.0725
36 51 27.3946 3.1009
37 51 26.0662 3.0373
38 51 22.5199 2.9210
39 51 17.2002 2.8472
40 51 12.8429 2.9203
41 51 11.0970 3.0626
42 51 10.6449 3.1125
43 51 9.8830 3.0850
44 51 7.9035 3.0139
45 51 5.1106 2.9368
46 51 3.0061 2.9366
47 51 2.0484 3.0232
48 51 1.4619 3.0509
49 51 0.8407 3.0147
50 51 0.3987 2.9883
51 51 0.2177 3.0419
52 51 0.1412 3.0825
53 51 0.0745 3.0669
54 51 0.0270 3.0262
55 51 0.0070 2.9968
56 51 0.0014 3.0160
57 51 0.0002 3.0622
58 51 0.0000 3.0991
59 51 0.0000 3.1416
60 51 0.0000 0.0000
61 51 0.0000 0.0000
62 51 0.0000 0.0000
63 51 0.0000 0.0000
0 52 0.0000 0.0000
1 52 0.0000 0.0000
2 52 0.0000 0.0000
3 52 0.0000 0.0000
4 52 0.0000 0.0000
5 52 0.0000 0.0000
6 52 0.0002 4.7129
7 52 0.0046 4.9333
8 52 0.0616 5.0961
9 52 0.4970 5.2671
10 52 2.5656 5.4093
11 52 8.5727 5.5048
12 52 18.7960 5.5747
13 52 28.1466 5.6615
14 52 31.4056 5.7918
15 52 28.9993 5.9036
16 52 21.9487 5.8756
17 52 12.2364 5.6991
18 52 3.6799 5.5069
19 52 3.6557 2.3712
20 52 12.0477 2.5810
21 52 21.2545 2.8252
22 52 27.6338 2.9984
23 52 30.0719 3.0437
24 52 30.7942 2.9414
25 52 31.3604 2.7965
26 52 30.4863 2.7866
27 52 28.5971 2.9327
28 52 27.7829 3.0777
29 52 27.6464 3.1261
30 52 27.3779 3.1112
31 52 26.0627 3.0384
32 52 22.5195 2.9211
33 52 17.2002 2.8472
34 52 12.8429 2.9203
35 52 11.0970 3.0626
36 52 10.6449 3.1125
37 52 9.8830 3.0850
38 52 7.9036 3.0139
39 52 5.1130 2.9376
40 52 3.0350 2.9456
41 52 2.2324 3.0600
42 52 2.0521 3.1189
43 52 1.8780 3.1112
44 52 1.4445 3.0728
45 52 0.8396 3.0184
46 52 0.3987 2.9887
47 52 0.2177 3.0419
48 52 0.1413 3.0826
49 52 0.0756 3.0680
50 52 0.0302 3.0394
51 52 0.0126 3.0651
52 52 0.0071 3.1191
53 52 0.0034 3.1374
54 52 0.0011 3.1409
55 52 0.0002 3.1416
56 52 0.0000 3.1416
57 52 0.0000 3.1416
58 52 0.0000 0.0000
59 52 0.0000 0.0000
60 52 0.0000 0.0000
61 52 0.0000 0.0000
62 52 0.0000 0.0000
63 52 0.0000 0.0000
0 53 0.0000 0.0000
1 53 0.0000 0.0000
2 53 0.0000 0.0000
3 53 0.0000 0.0000
4 53 0.0000 0.0000
5 53 0.0000 0.0000
6 53 0.0010 4.7125
7 53 0.0235 4.8376
8 53 0.2736 4.9491
9 53 1.8253 5.1067
10 53 7.4250 5.2844
11 53 19.0208 5.4352
12 53 30.5637 5.5297
13 53 30.2928 5.5647
14 53 17.4699 5.5605
15 53 2.1566 5.5482
16 53 10.6644 2.6169
17 53 21.1315 2.8159
18 53 27.8299 2.9396
19 53 30.5152 2.9046
20 53 31.3759 2.7900
21 53 30.4933 2.7855
22 53 28.6032 2.9268
23 53 27.5585 3.0448
24 53 26.1060 3.0255
25 53 22.5267 2.9197
26 53 17.2006 2.8471
27 53 12.8430 2.9205
28 53 11.1082 3.0654
29 53 10.7828 3.1261
30 53 10.6142 3.1247
31 53 9.8808 3.0863
32 53 7.9035 3.0140
33 53 5.1130 2.9376
34 53 3.0350 2.9456
35 53 2.2324 3.0600
36 53 2.0521 3.1189
37 53 1.8780 3.1112
38 53 1.4445 3.0728
39 53 0.8399 3.0187
40 53 0.4019 2.9927
41 53 0.2371 3.0636
42 53 0.2026 3.1223
43 53 0.1831 3.1247
44 53 0.1380 3.1048
45 53 0.0754 3.0721
46 53 0.0302 3.0399
47 53 0.0126 3.0651
48 53 0.0071 3.1191
49 53 0.0034 3.1374
50 53 0.0011 3.1409
51 53 0.0002 3.1416
52 53 0.0000 3.1416
53 53 0.0000 3.1416
54 53 0.0000 0.0000
55 53 0.0000 0.0000
56 53 0.0000 0.0000
57 53 0.0000 0.0000
58 53 0.0000 0.0000
59 53 0.0000 0.0000
60 53 0.0000 0.0000
61 53 0.0000 0.0000
62 53 0.0000 0.0000
63 53 0.0000 0.0000
0 54 0.0000 0.0000
1 54 0.0000 0.0000
2 54 0.0000 0.0000
3 54 0.0000 0.0000
4 54 0.0000 0.0000
5 54 0.0000 0.0000
6 54 0.0033 4.7124
7 54 0.0692 4.7738
8 54 0.7532 4.8329
9 54 4.4551 4.9352
10 54 14.8563 5.0905
11 54 28.9064 5.2874
12 54 32.2905 5.5122
13 54 16.6033 5.8357
14 54 8.0071 2.1785
15 54 23.2199 2.6044
16 54 29.3611 2.6753
17 54 29.7562 2.7474
18 54 28.1556 2.8893
19 54 26.2279 2.9616
20 54 22.5278 2.9046
21 54 17.1850 2.8445
22 54 12.8301 2.9173
23 54 10.9690 3.0470
24 54 9.9197 3.0710
25 54 7.9068 3.0121
26 54 5.1131 2.9374
27 54 3.0350 2.9457
28 54 2.2351 3.0615
29 54 2.0822 3.1262
30 54 2.0377 3.1320
31 54 1.8772 3.1126
32 54 1.4445 3.0729
33 54 0.8399 3.0187
34 54 0.4019 2.9927
35 54 0.2371 3.0636
36 54 0.2026 3.1223
37 54 0.1831 3.1247
38 54 0.1380 3.1048
39 54 0.0754 3.0721
40 54 0.0304 3.0405
41 54 0.0137 3.0713
42 54 0.0103 3.1263
43 54 0.0091 3.1400
44 54 0.0067 3.1415
45 54 0.0034 3.1416
46 54 0.0011 3.1416
47 54 0.0002 3.1416
48 54 0.0000 3.1416
49 54 0.0000 3.1416
50 54 0.0000 0.0000
51 54 0.0000 0.0000
52 54 0.0000 0.0000
53 54 0.0000 0.0000
54 54 0.0000 0.0000
55 54 0.0000 0.0000
56 54 0.0000 0.0000
57 54 0.0000 0.0000
58 54 0.0000 0.0000
59 54 0.0000 0.0000
60 54 0.0000 0.0000
61 54 0.0000 0.0000
62 54 0.0000 0.0000
63 54 0.0000 0.0000
0 55 0.0000 0.0000
1 55 0.0000 0.0000
2 55 0.0000 0.0000
3 55 0.0000 0.0000
4 55 0.0000 0.0000
5 55 0.0000 0.0000
6 55 0.0057 4.7124
7 55 0.1181 4.7303
8 55 1.2540 4.7468
9 55 7.0347 4.7774
10 55 21.0214 4.8318
11 55 32.8132 4.9281
12 55 22.4781 5.1605
13 55 9.4871 0.9635
14 55 23.6838 1.6889
15 55 22.5822 2.0279
16 55 17.7676 2.3382
17 55 13.5519 2.5353
18 55 10.3307 2.7481
19 55 8.7646 2.9339
20 55 7.1635 2.9549
21 55 4.8083 2.9045
22 55 2.9318 2.9274
23 55 2.1721 3.0469
24 55 1.8828 3.0954
25 55 1.4417 3.0705
26 55 0.8388 3.0183
27 55 0.4018 2.9927
28 55 0.2373 3.0644
29 55 0.2058 3.1263
30 55 0.1996 3.1358
31 55 0.1829 3.1261
32 55 0.1380 3.1049
33 55 0.0754 3.0721
34 55 0.0304 3.0405
35 55 0.0137 3.0713
36 55 0.0103 3.1263
37 55 0.0091 3.1400
38 55 0.0067 3.1415
39 55 0.0034 3.1416
40 55 0.0011 3.1416
41 55 0.0002 3.1416
42 55 0.0000 3.1416
43 55 0.0000 3.1416
44 55 0.0000 0.0000
45 55 0.0000 0.0000
46 55 0.0000 0.0000
47 55 0.0000 0.0000
48 55 0.0000 0.0000
49 55 0.0000 0.0000
50 55 0.0000 0.0000
51 55 0.0000 0.0000
52 55 0.0000 0.0000
53 55 0.0000 0.0000
54 55 0.0000 0.0000
55 55 0.0000 0.0000
56 55 0.0000 0.0000
57 55 0.0000 0.0000
58 55 0.0000 0.0000
59 55 0.0000 0.0000
60 55 0.0000 0.0000
61 55 0.0000 0.0000
62 55 0.0000 0.0000
63 55 0.0000 0.0000
0 56 0.0000 0.0000
1 56 0.0000 0.0000
2 56 0.0000 0.0000
3 56 0.0000 0.0000
4 56 0.0000 0.0000
5 56 0.0000 0.0000
6 56 0.0057 4.7124
7 56 0.1176 4.6944
8 56 1.2437 4.6760
9 56 6.9395 4.6405
10 56 20.6484 4.5695
11 56 32.6526 4.4274
12 56 25.2647 4.1019
13 56 11.1871 2.6263
14 56 22.0085 1.4444
15 56 24.3633 1.0463
16 56 19.7585 0.8136
17 56 14.1422 0.6514
18 56 9.7438 0.4784
19 56 6.4804 0.3610
20 56 3.6662 0.4005
21 56 1.7270 0.5096
22 56 0.6922 0.5588
23 56 0.1984 0.6486
24 56 0.0379 1.9487
25 56 0.0618 2.8921
26 56 0.0468 2.9451
27 56 0.0205 2.9320
28 56 0.0100 3.0242
29 56 0.0094 3.1232
30 56 0.0098 3.1401
31 56 0.0091 3.1415
32 56 0.0067 3.1416
33 56 0.0034 3.1416
34 56 0.0011 3.1416
35 56 0.0002 3.1416
36 56 0.0000 3.1416
37 56 0.0000 3.1416
38 56 0.0000 0.0000
39 56 0.0000 0.0000
40 56 0.0000 0.0000
41 56 0.0000 0.0000
42 56 0.0000 0.0000
43 56 0.0000 0.0000
44 56 0.0000 0.0000
45 56 0.0000 0.0000
46 56 0.0000 0.0000
47 56 0.0000 0.0000
48 56 0.0000 0.0000
49 56 0.0000 0.0000
50 56 0.0000 0.0000
51 56 0.0000 0.0000
52 56 0.0000 0.0000
53 56 0.0000 0.0000
54 56 0.0000 0.0000
55 56 0.0000 0.0000
56 56 0.0000 0.0000
57 56 0.0000 0.0000
58 56 0.0000 0.0000
59 56 0.0000 0.0000
60 56 0.0000 0.0000
61 56 0.0000 0.0000
62 56 0.0000 0.0000
63 56 0.0000 0.0000
0 57 0.0000 0.0000
1 57 0.0000 0.0000
2 57 0.0000 0.0000
3 57 0.0000 0.0000
4 57 0.0000 0.0000
5 57 0.0000 0.0000
6 57 0.0033 4.7124
7 57 0.0675 4.6493
8 57 0.7216 4.5847
9 57 4.1501 4.4659
10 57 13.5023 4.2725
11 57 26.8589 4.0188
12 57 34.4147 3.7558
13 57 26.2864 3.5138
14 57 5.9693 2.8584
15 57 16.8114 0.6171
16 57 27.7336 0.5180
17 57 29.6562 0.4425
18 57 27.3106 0.3440
19 57 22.7827 0.3204
20 57 16.5207 0.3702
21 57 10.2925 0.3965
22 57 5.6069 0.3656
23 57 2.9139 0.2869
24 57 1.6195 0.1927
25 57 0.8493 0.1650
26 57 0.3804 0.1758
27 57 0.1713 0.1448
28 57 0.0753 0.1159
29 57 0.0239 0.1451
30 57 0.0046 0.2280
31 57 0.0005 0.3497
32 57 0.0000 0.4881
33 57 0.0000 0.7194
34 57 0.0000 0.0000
35 57 0.0000 0.0000
36 57 0.0000 0.0000
37 57 0.0000 0.0000
38 57 0.0000 0.0000
39 57 0.0000 0.0000
40 57 0.0000 0.0000
41 57 0.0000 0.0000
42 57 0.0000 0.0000
43 57 0.0000 0.0000
44 57 0.0000 0.0000
45 57 0.0000 0.0000
46 57 0.0000 0.0000
47 57 0.0000 0.0000
48 57 0.0000 0.0000
49 57 0.0000 0.0000
50 57 0.0000 0.0000
51 57 0.0000 0.0000
52 57 0.0000 0.0000
53 57 0.0000 0.0000
54 57 0.0000 0.0000
55 57 0.0000 0.0000
56 57 0.0000 0.0000
57 57 0.0000 0.0000
58 57 0.0000 0.0000
59 57 0.0000 0.0000
60 57 0.0000 0.0000
61 57 0.0000 0.0000
62 57 0.0000 0.0000
63 57 0.0000 0.0000
0 58 0.0000 0.0000
1 58 0.0000 0.0000
2 58 0.0000 0.0000
3 58 0.0000 0.0000
4 58 0.0000 0.0000
5 58 0.0000 0.0000
6 58 0.0010 4.7125
7 58 0.0219 4.5770
8 58 0.2406 4.4448
9 58 1.4962 4.2368
10 58 5.7866 3.9846
11 58 14.9037 3.7779
12 58 25.8098 3.6915
13 58 30.8969 3.7311
14 58 25.7167 3.8394
15 58 11.3892 4.0148
16 58 7.0941 0.1747
17 58 20.7460 0.3458
18 58 28.6119 0.3480
19 58 31.3195 0.4187
20 58 30.0335 0.4737
21 58 24.8189 0.4658
22 58 17.8279 0.4137
23 58 12.2225 0.3164
24 58 8.3754 0.2394
25 58 5.1477 0.2403
26 58 2.8608 0.2379
27 58 1.6072 0.1868
28 58 0.7960 0.1822
29 58 0.2750 0.2588
30 58 0.0602 0.3993
31 58 0.0083 0.5803
32 58 0.0007 0.7853
33 58 0.0000 1.0783
34 58 0.0000 1.4303
35 58 0.0000 0.0000
36 58 0.0000 0.0000
37 58 0.0000 0.0000
38 58 0.0000 0.0000
39 58 0.0000 0.0000
40 58 0.0000 0.0000
41 58 0.0000 0.0000
42 58 0.0000 0.0000
43 58 0.0000 0.0000
44 58 0.0000 0.0000
45 58 0.0000 0.0000
46 58 0.0000 0.0000
47 58 0.0000 0.0000
48 58 0.0000 0.0000
49 58 0.0000 0.0000
50 58 0.0000 0.0000
51 58 0.0000 0.0000
52 58 0.0000 0.0000
53 58 0.0000 0.0000
54 58 0.0000 0.0000
55 58 0.0000 0.0000
56 58 0.0000 0.0000
57 58 0.0000 0.0000
58 58 0.0000 0.0000
59 58 0.0000 0.0000
60 58 0.0000 0.0000
61 58 0.0000 0.0000
62 58 0.0000 0.0000
63 58 0.0000 0.0000
0 59 0.0000 0.0000
1 59 0.0000 0.0000
2 59 0.0000 0.0000
3 59 0.0000 0.0000
4 59 0.0000 0.0000
5 59 0.0000 0.0000
6 59 0.0002 4.7129
7 59 0.0039 4.4489
8 59 0.0465 4.2298
9 59 0.3367 3.9625
10 59 1.6059 3.7417
11 59 5.0775 3.6535
12 59 11.3461 3.6990
13 59 19.9903 3.7768
14 59 28.0240 3.7896
15 59 29.9909 3.7523
16 59 23.6400 3.7417
17 59 12.1766 3.7991
18 59 0.0148 4.7284
19 59 12.1000 0.6461
20 59 23.3967 0.5621
21 59 30.0122 0.5056
22 59 30.4961 0.4314
23 59 27.6727 0.3362
24 59 23.0686 0.3077
25 59 17.2175 0.3278
26 59 12.1149 0.2935
27 59 8.2245 0.2479
28 59 4.5974 0.2930
29 59 1.8083 0.4211
30 59 0.4688 0.5930
31 59 0.0782 0.7854
32 59 0.0083 0.9904
33 59 0.0005 1.2208
34 59 0.0000 1.5648
35 59 0.0000 0.0000
36 59 0.0000 0.0000
37 59 0.0000 0.0000
38 59 0.0000 0.0000
39 59 0.0000 0.0000
40 59 0.0000 0.0000
41 59 0.0000 0.0000
42 59 0.0000 0.0000
43 59 0.0000 0.0000
44 59 0.0000 0.0000
45 59 0.0000 0.0000
46 59 0.0000 0.0000
47 59 0.0000 0.0000
48 59 0.0000 0.0000
49 59 0.0000 0.0000
50 59 0.0000 0.0000
51 59 0.0000 0.0000
52 59 0.0000 0.0000
53 59 0.0000 0.0000
54 59 0.0000 0.0000
55 59 0.0000 0.0000
56 59 0.0000 0.0000
57 59 0.0000 0.0000
58 59 0.0000 0.0000
59 59 0.0000 0.0000
60 59 0.0000 0.0000
61 59 0.0000 0.0000
62 59 0.0000 0.0000
63 59 0.0000 0.0000
0 60 0.0000 0.0000
1 60 0.0000 0.0000
2 60 0.0000 0.0000
3 60 0.0000 0.0000
4 60 0.0000 0.0000
5 60 0.0000 0.0000
6 60 0.0000 4.7184
7 60 0.0004 4.2339
8 60 0.0055 3.9477
9 60 0.0485 3.7005
10 60 0.2744 3.5818
11 60 1.0427 3.6139
12 60 3.1235 3.7055
13 60 7.8716 3.7230
14 60 15.7284 3.6780
15 60 24.2941 3.6448
16 60 29.9872 3.6232
17 60 31.3313 3.5613
18 60 28.6499 3.4903
19 60 20.9265 3.5012
20 60 7.7648 3.5595
21 60 7.7645 0.4178
22 60 20.9228 0.3590
23 60 28.6264 0.3434
24 60 31.2950 0.3924
25 60 30.5853 0.3948
26 60 27.7131 0.3346
27 60 22.7043 0.3400
28 60 15.0431 0.4500
29 60 7.1944 0.6087
30 60 2.2930 0.7858
31 60 0.4684 0.9790
32 60 0.0601 1.1739
33 60 0.0046 1.3462
34 60 0.0002 1.5702
35 60 0.0000 0.0000
36 60 0.0000 0.0000
37 60 0.0000 0.0000
38 60 0.0000 0.0000
39 60 0.0000 0.0000
40 60 0.0000 0.0000
41 60 0.0000 0.0000
42 60 0.0000 0.0000
43 60 0.0000 0.0000
44 60 0.0000 0.0000
45 60 0.0000 0.0000
46 60 0.0000 0.0000
47 60 0.0000 0.0000
48 60 0.0000 0.0000
49 60 0.0000 0.0000
50 60 0.0000 0.0000
51 60 0.0000 0.0000
52 60 0.0000 0.0000
53 60 0.0000 0.0000
54 60 0.0000 0.0000
55 60 0.0000 0.0000
56 60 0.0000 0.0000
57 60 0.0000 0.0000
58 60 0.0000 0.0000
59 60 0.0000 0.0000
60 60 0.0000 0.0000
61 60 0.0000 0.0000
62 60 0.0000 0.0000
63 60 0.0000 0.0000
0 61 0.0000 0.0000
1 61 0.0000 0.0000
2 61 0.0000 0.0000
3 61 0.0000 0.0000
4 61 0.0000 0.0000
5 61 0.0000 0.0000
6 61 0.0000 4.8528
7 61 0.0000 3.9236
8 61 0.0004 3.6552
9 61 0.0042 3.5104
10 61 0.0276 3.5101
11 61 0.1331 3.6131
12 61 0.5615 3.6581
13 61 1.9517 3.6095
14 61 5.1128 3.5636
15 61 10.2057 3.5474
16 61 16.6248 3.5100
17 61 22.9797 3.4582
18 61 27.6696 3.4790
19 61 30.4967 3.5731
20 61 30.0123 3.6472
21 61 23.3975 3.7037
22 61 12.1184 3.7897
23 61 0.3077 4.7280
24 61 11.2697 0.5302
25 61 21.9024 0.3918
26 61 29.5347 0.3619
27 61 32.6372 0.4713
28 61 28.8930 0.6264
29 61 17.9348 0.7862
30 61 7.1772 0.9657
31 61 1.8011 1.1571
32 61 0.2735 1.3230
33 61 0.0237 1.4387
34 61 0.0011 1.5707
35 61 0.0000 0.0000
36 61 0.0000 0.0000
37 61 0.0000 0.0000
38 61 0.0000 0.0000
39 61 0.0000 0.0000
40 61 0.0000 0.0000
41 61 0.0000 0.0000
42 61 0.0000 0.0000
43 61 0.0000 0.0000
44 61 0.0000 0.0000
45 61 0.0000 0.0000
46 61 0.0000 0.0000
47 61 0.0000 0.0000
48 61 0.0000 0.0000
49 61 0.0000 0.0000
50 61 0.0000 0.0000
51 61 0.0000 0.0000
52 61 0.0000 0.0000
53 61 0.0000 0.0000
54 61 0.0000 0.0000
55 61 0.0000 0.0000
56 61 0.0000 0.0000
57 61 0.0000 0.0000
58 61 0.0000 0.0000
59 61 0.0000 0.0000
60 61 0.0000 0.0000
61 61 0.0000 0.0000
62 61 0.0000 0.0000
63 61 0.0000 0.0000
0 62 0.0000 0.0000
1 62 0.0000 0.0000
2 62 0.0000 0.0000
3 62 0.0000 0.0000
4 62 0.0000 0.0000
5 62 0.0000 0.0000
6 62 0.0000 0.0000
7 62 0.0000 3.1416
8 62 0.0000 3.1841
9 62 0.0002 3.2987
10 62 0.0016 3.4626
11 62 0.0110 3.5812
12 62 0.0664 3.5508
13 62 0.3004 3.4875
14 62 0.9736 3.4642
15 62 2.4370 3.4457
16 62 4.9993 3.3988
17 62 8.3495 3.3839
18 62 12.2208 3.4583
19 62 17.8289 3.5553
20 62 24.8219 3.6074
21 62 30.0402 3.6152
22 62 31.3413 3.5607
23 62 28.7635 3.4967
24 62 21.7581 3.5453
25 62 11.0759 3.7493
26 62 2.9578 0.0410
27 62 19.8633 0.6330
28 62 32.5855 0.7821
29 62 28.7953 0.9509
30 62 14.8965 1.1413
31 62 4.5269 1.3112
32 62 0.7761 1.4293
33 62 0.0720 1.4977
34 62 0.0034 1.5708
35 62 0.0000 0.0000
36 62 0.0000 0.0000
37 62 0.0000 0.0000
38 62 0.0000 0.0000
39 62 0.0000 0.0000
40 62 0.0000 0.0000
41 62 0.0000 0.0000
42 62 0.0000 0.0000
43 62 0.0000 0.0000
44 62 0.0000 0.0000
45 62 0.0000 0.0000
46 62 0.0000 0.0000
47 62 0.0000 0.0000
48 62 0.0000 0.0000
49 62 0.0000 0.0000
50 62 0.0000 0.0000
51 62 0.0000 0.0000
52 62 0.0000 0.0000
53 62 0.0000 0.0000
54 62 0.0000 0.0000
55 62 0.0000 0.0000
56 62 0.0000 0.0000
57 62 0.0000 0.0000
58 62 0.0000 0.0000
59 62 0.0000 0.0000
60 62 0.0000 0.0000
61 62 0.0000 0.0000
62 62 0.0000 0.0000
63 62 0.0000 0.0000
0 63 0.0000 0.0000
1 63 0.0000 0.0000
2 63 0.0000 0.0000
3 63 0.0000 0.0000
4 63 0.0000 0.0000
5 63 0.0000 0.0000
6 63 0.0000 0.0000
7 63 0.0000 0.0000
8 63 0.0000 0.0000
9 63 0.0000 3.5832
10 63 0.0000 3.4043
11 63 0.0010 3.3384
12 63 0.0091 3.2878
13 63 0.0509 3.2680
14 63 0.1989 3.2648
15 63 0.6159 3.2501
16 63 1.5144 3.2315
17 63 2.8832 3.2453
18 63 4.9645 3.3032
19 63 9.0017 3.3615
20 63 15.5999 3.3955
21 63 23.7127 3.3927
22 63 31.1912 3.3692
23 63 35.1567 3.3989
24 63 34.5159 3.5082
25 63 30.2435 3.6567
26 63 21.3547 3.9108
27 63 6.5657 5.2893
28 63 25.0588 0.7097
29 63 34.1649 1.0469
30 63 22.4064 1.2644
31 63 7.7797 1.4053
32 63 1.4277 1.4856
33 63 0.1370 1.5274
34 63 0.0067 1.5708
35 63 0.0000 0.0000
36 63 0.0000 0.0000
37 63 0.0000 0.0000
38 63 0.0000 0.0000
39 63 0.0000 0.0000
40 63 0.0000 0.0000
41 63 0.0000 0.0000
42 63 0.0000 0.0000
43 63 0.0000 0.0000
44 63 0.0000 0.0000
45 63 0.0000 0.0000
46 63 0.0000 0.0000
47 63 0.0000 0.0000
48 63 0.0000 0.0000
49 63 0.0000 0.0000
50 63 0.0000 0.0000
51 63 0.0000 0.0000
52 63 0.0000 0.0000
53 63 0.0000 0.0000
54 63 0.0000 0.0000
55 63 0.0000 0.0000
56 63 0.0000 0.0000
57 63 0.0000 0.0000
58 63 0.0000 0.0000
59 63 0.0000 0.0000
60 63 0.0000 0.0000
61 63 0.0000 0.0000
62 63 0.0000 0.0000
63 63 0.0000 0.0000
